1 0 5 5
1 2 8 8

1 0 4 5
1 2 9 8

1 0 4 4
1 2 9 9

1 0 3 4
1 2 10 9

1 0 3 3
1 2 10 10

1 1 5 3
1 3 8 10

1 1 4 3
1 3 9 10

1 1 4 4
1 3 9 9

1 1 3 4
1 3 10 9

1 1 3 5
1 3 10 8

1 2 5 5
1 0 8 8

1 2 5 4
1 0 8 9

1 2 4 4
1 0 9 9

1 2 4 3
1 0 9 10

1 2 3 3
1 0 10 10

1 3 5 3
1 1 8 10

1 3 5 4
1 1 8 9

1 3 4 4
1 1 9 9

1 3 4 5
1 1 9 8

1 3 3 5
1 1 10 8

2 0 4 2
2 2 9 11

2 0 4 3
2 2 9 10

2 0 4 4
2 2 9 9

2 0 5 4
2 2 8 9

2 0 6 4
2 2 7 9

2 1 4 4
2 3 9 9

2 1 4 5
2 3 9 8

2 1 4 6
2 3 9 7

2 1 5 4
2 3 8 9

2 1 6 4
2 3 7 9

2 2 2 4
2 0 11 9

2 2 3 4
2 0 10 9

2 2 4 4
2 0 9 9

2 2 4 5
2 0 9 8

2 2 4 6
2 0 9 7

2 3 2 4
2 1 11 9

2 3 3 4
2 1 10 9

2 3 4 2
2 1 9 11

2 3 4 3
2 1 9 10

2 3 4 4
2 1 9 9

3 0 5 5
3 3 8 8

3 0 4 5
3 3 9 8

3 0 4 4
3 3 9 9

3 0 4 3
3 3 9 10

3 0 3 3
3 3 10 10

3 3 3 3
3 0 10 10

3 3 3 4
3 0 10 9

3 3 4 4
3 0 9 9

3 3 5 4
3 0 8 9

3 3 5 5
3 0 8 8

4 0 4 4
4 0 9 9

4 0 5 4
4 0 8 9

4 0 3 4
4 0 10 9

4 0 4 5 
4 0 9 8

4 0 4 3 
4 0 9 10

15 0 3 4
15 2 10 9

15 0 4 3
15 2 9 10

15 0 4 4
15 2 9 9

15 0 4 5
15 2 9 8

15 0 5 5
15 2 8 8

15 1 3 4
15 3 10 9

15 1 3 5
15 3 10 8

15 1 4 3
15 3 9 10

15 1 4 4
15 3 9 9

15 1 5 4
15 3 8 9

15 2 3 3
15 0 10 10

15 2 4 3
15 0 9 10

15 2 4 4
15 0 9 9

15 2 4 5
15 0 9 8

15 2 5 4
15 0 8 9

15 3 3 4
15 1 10 9

15 3 4 4
15 1 9 9

15 3 4 5
15 1 9 8

15 3 5 3
15 1 8 10

15 3 5 4
15 1 8 9

15 4 3 5
15 6 10 8

15 4 4 3
15 6 9 10

15 4 4 4
15 6 9 9

15 4 4 5
15 6 9 8

15 4 5 4
15 6 8 9

15 5 3 3
15 7 10 10

15 5 3 4
15 7 10 9

15 5 4 4
15 7 9 9

15 5 4 5
15 7 9 8

15 5 5 4
15 7 8 9

15 6 3 4
15 4 10 9

15 6 4 3
15 4 9 10

15 6 4 4
15 4 9 9

15 6 4 5
15 4 9 8

15 6 5 3
15 4 8 10

15 7 3 4
15 5 10 9

15 7 4 3
15 5 9 10

15 7 4 4
15 5 9 9

15 7 5 4
15 5 8 9

15 7 5 5
15 5 8 8
