1 0 5 5
1 2 8 8
4 0 4 7
3 0 9 6
1 0 5 5
1 2 8 8
4 0 5 8
3 0 8 5
1 0 5 5
1 2 8 8
4 0 8 4
3 3 5 9
1 0 5 5
1 2 8 8
15 0 4 7
3 0 9 6
1 0 5 5
1 2 8 8
15 0 5 8
3 0 8 5
1 0 5 5
1 2 8 8
15 0 8 5
3 3 5 9
1 0 5 5
1 2 8 8
15 1 4 8
3 0 9 6
1 0 5 5
1 2 8 8
15 1 8 4
3 3 5 9
1 0 5 5
1 2 8 8
15 2 4 7
3 0 9 6
1 0 5 5
1 2 8 8
15 2 5 8
3 0 8 5
1 0 5 5
1 2 8 8
15 2 8 4
3 0 5 8
1 0 5 5
1 2 8 8
15 3 4 7
3 0 9 6
1 0 5 5
1 2 8 8
15 3 5 8
3 0 8 5
1 0 5 5
1 2 8 8
15 4 4 8
3 0 9 6
1 0 5 5
1 2 8 8
15 4 8 4
3 3 5 9
1 0 5 5
1 2 8 8
15 5 4 7
3 0 9 6
1 0 5 5
1 2 8 8
15 5 5 8
3 0 8 5
1 0 5 5
1 2 8 8
15 5 8 4
3 3 5 9
1 0 5 5
1 2 8 8
15 6 4 7
3 0 9 6
1 0 5 5
1 2 8 8
15 6 5 8
3 0 8 5
1 0 5 5
1 2 8 8
15 7 4 7
3 0 9 6
1 0 5 5
1 2 8 8
15 7 8 4
3 3 5 9
1 0 4 5
1 2 9 8
4 0 4 8
3 0 9 5
1 0 4 5
1 2 9 8
4 0 6 8
3 0 6 5
1 0 4 5
1 2 9 8
4 0 7 4
3 0 6 8
1 0 4 5
1 2 9 8
15 0 4 8
3 0 9 5
1 0 4 5
1 2 9 8
15 0 7 5
3 0 6 8
1 0 4 5
1 2 9 8
15 1 5 8
3 0 6 5
1 0 4 5
1 2 9 8
15 1 7 4
3 0 6 8
1 0 4 5
1 2 9 8
15 2 4 8
3 0 9 5
1 0 4 5
1 2 9 8
15 2 6 8
3 0 6 5
1 0 4 5
1 2 9 8
15 2 7 4
3 0 6 8
1 0 4 5
1 2 9 8
15 3 4 8
3 0 9 5
1 0 4 5
1 2 9 8
15 3 6 8
3 0 6 5
1 0 4 5
1 2 9 8
15 4 6 8
15 6 7 5
1 0 4 5
1 2 9 8
15 4 7 4
3 0 6 8
1 0 4 5
1 2 9 8
15 4 7 7
3 0 9 5
1 0 4 5
1 2 9 8
15 5 4 8
3 0 9 5
1 0 4 5
1 2 9 8
15 5 6 8
3 0 6 5
1 0 4 5
1 2 9 8
15 5 7 4
3 0 6 8
1 0 4 5
1 2 9 8
15 6 4 8
3 0 9 5
1 0 4 5
1 2 9 8
15 6 6 8
3 0 6 5
1 0 4 5
1 2 9 8
15 6 7 6
3 0 9 5
1 0 4 5
1 2 9 8
15 7 5 8
3 0 6 5
1 0 4 5
1 2 9 8
15 7 7 4
3 0 6 8
1 0 4 4
1 2 9 9
4 0 4 7
3 2 6 8
1 0 4 4
1 2 9 9
4 0 6 7
3 0 9 6
1 0 4 4
1 2 9 9
4 0 7 6
15 2 6 9
1 0 4 4
1 2 9 9
15 0 4 7
3 2 6 8
1 0 4 4
1 2 9 9
15 0 7 4
3 2 6 8
1 0 4 4
1 2 9 9
15 0 7 7
15 2 6 9
1 0 4 4
1 2 9 9
15 1 5 7
3 0 9 6
1 0 4 4
1 2 9 9
15 1 7 6
3 0 6 9
1 0 4 4
1 2 9 9
15 2 4 7
3 2 6 8
1 0 4 4
1 2 9 9
15 2 6 7
3 0 9 6
1 0 4 4
1 2 9 9
15 2 7 6
15 2 6 9
1 0 5 5
1 2 8 8
4 0 4 7
3 0 9 6
1 0 5 5
1 2 8 8
4 0 5 8
3 0 8 5
1 0 5 5
1 2 8 8
4 0 8 4
3 3 5 9
1 0 5 5
1 2 8 8
15 0 4 7
3 0 9 6
1 0 5 5
1 2 8 8
15 0 5 8
3 0 8 5
1 0 5 5
1 2 8 8
15 0 8 5
3 3 5 9
1 0 5 5
1 2 8 8
15 1 4 8
3 0 9 6
1 0 5 5
1 2 8 8
15 1 8 4
3 3 5 9
1 0 5 5
1 2 8 8
15 2 4 7
3 0 9 6
1 0 5 5
1 2 8 8
15 2 5 8
3 0 8 5
1 0 5 5
1 2 8 8
15 2 8 4
3 0 5 8
1 0 5 5
1 2 8 8
15 3 4 7
3 0 9 6
1 0 5 5
1 2 8 8
15 3 5 8
3 0 8 5
1 0 5 5
1 2 8 8
15 4 4 8
3 0 9 6
1 0 5 5
1 2 8 8
15 4 8 4
3 3 5 9
1 0 5 5
1 2 8 8
15 5 4 7
3 0 9 6
1 0 5 5
1 2 8 8
15 5 5 8
3 0 8 5
1 0 5 5
1 2 8 8
15 5 8 4
3 3 5 9
1 0 5 5
1 2 8 8
15 6 4 7
3 0 9 6
1 0 5 5
1 2 8 8
15 6 5 8
3 0 8 5
1 0 5 5
1 2 8 8
15 7 4 7
3 0 9 6
1 0 5 5
1 2 8 8
15 7 8 4
3 3 5 9
1 0 4 5
1 2 9 8
4 0 4 8
3 0 9 5
1 0 4 5
1 2 9 8
4 0 6 8
3 0 6 5
1 0 4 5
1 2 9 8
4 0 7 4
3 0 6 8
1 0 4 5
1 2 9 8
15 0 4 8
3 0 9 5
1 0 4 5
1 2 9 8
15 0 7 5
3 0 6 8
1 0 4 5
1 2 9 8
15 1 5 8
3 0 6 5
1 0 4 5
1 2 9 8
15 1 7 4
3 0 6 8
1 0 4 5
1 2 9 8
15 2 4 8
3 0 9 5
1 0 4 5
1 2 9 8
15 2 6 8
3 0 6 5
1 0 4 5
1 2 9 8
15 2 7 4
3 0 6 8
1 0 4 5
1 2 9 8
15 3 4 8
3 0 9 5
1 0 4 5
1 2 9 8
15 3 6 8
3 0 6 5
1 0 4 5
1 2 9 8
15 4 6 8
15 6 7 5
1 0 4 5
1 2 9 8
15 4 7 4
3 0 6 8
1 0 4 5
1 2 9 8
15 4 7 7
3 0 9 5
1 0 4 5
1 2 9 8
15 5 4 8
3 0 9 5
1 0 4 5
1 2 9 8
15 5 6 8
3 0 6 5
1 0 4 5
1 2 9 8
15 5 7 4
3 0 6 8
1 0 4 5
1 2 9 8
15 6 4 8
3 0 9 5
1 0 4 5
1 2 9 8
15 6 6 8
3 0 6 5
1 0 4 5
1 2 9 8
15 6 7 6
3 0 9 5
1 0 4 5
1 2 9 8
15 7 5 8
3 0 6 5
1 0 4 5
1 2 9 8
15 7 7 4
3 0 6 8
1 0 4 4
1 2 9 9
4 0 4 7
3 2 6 8
1 0 4 4
1 2 9 9
4 0 6 7
3 0 9 6
1 0 4 4
1 2 9 9
4 0 7 6
15 2 6 9
1 0 4 4
1 2 9 9
15 0 4 7
3 2 6 8
1 0 4 4
1 2 9 9
15 3 4 7
3 2 6 8
1 0 4 4
1 2 9 9
15 3 6 7
3 0 9 6
1 0 4 4
1 2 9 9
15 3 7 6
3 0 6 9
1 0 4 4
1 2 9 9
15 4 6 7
3 0 9 6
1 0 4 4
1 2 9 9
15 4 7 6
3 0 6 9
1 0 4 4
1 2 9 9
15 5 4 7
3 3 8 6
1 0 4 4
1 2 9 9
15 5 6 7
3 0 9 6
1 0 4 4
1 2 9 9
15 5 7 6
15 2 6 9
1 0 4 4
1 2 9 9
15 6 4 7
3 2 6 8
1 0 4 4
1 2 9 9
15 6 6 7
3 3 8 6
1 0 4 4
1 2 9 9
15 6 7 5
15 1 9 6
1 0 4 4
1 2 9 9
15 7 5 7
3 0 9 6
1 0 4 4
1 2 9 9
15 7 7 7
3 0 6 9
1 0 3 4
1 2 10 9
4 0 5 7
8 3 8 6
1 0 3 4
1 2 10 9
4 0 6 6
3 2 7 8
1 0 3 4
1 2 10 9
15 0 6 4
11 4 8 7
1 0 3 4
1 2 10 9
15 0 6 7
11 7 6 9
1 0 3 4
1 2 10 9
15 1 4 7
3 2 7 8
1 0 3 4
1 2 10 9
15 1 6 6
3 2 7 8
1 0 3 4
1 2 10 9
15 2 5 7
11 2 8 6
1 0 3 4
1 2 10 9
15 2 6 6
11 7 6 9
1 0 3 4
1 2 10 9
15 3 5 7
15 0 8 6
1 0 3 4
1 2 10 9
15 3 6 6
15 4 7 8
1 0 3 4
1 2 10 9
15 4 5 7
15 0 8 6
1 0 3 4
1 2 10 9
15 4 6 6
11 4 8 7
1 0 3 4
1 2 10 9
15 5 5 7
15 0 8 6
1 0 3 4
1 2 10 9
15 5 6 6
11 7 6 9
1 0 3 4
1 2 10 9
15 6 5 7
15 0 8 6
1 0 3 4
1 2 10 9
15 6 6 5
11 4 8 7
1 0 3 4
1 2 10 9
15 7 4 7
11 2 8 6
1 0 3 4
1 2 10 9
15 7 6 7
3 3 7 6
1 0 3 3
1 2 10 10
4 0 5 6
4 0 8 7
1 0 3 3
1 2 10 10
4 0 6 5
4 0 7 8
1 0 3 3
1 2 10 10
15 0 6 6
15 6 8 7
1 0 3 3
1 2 10 10
15 1 4 6
15 4 8 7
1 0 3 3
1 2 10 10
15 1 6 5
11 6 7 8
1 0 3 3
1 2 10 10
15 2 5 6
3 2 8 7
1 0 3 3
1 2 10 10
15 2 6 5
3 1 7 8
1 0 3 3
1 2 10 10
15 3 5 6
15 1 8 7
1 0 3 3
1 2 10 10
15 3 6 5
4 0 7 8
1 0 3 3
1 2 10 10
15 4 5 6
4 0 8 7
1 0 3 3
1 2 10 10
15 4 6 5
15 6 7 8
1 0 3 3
1 2 10 10
15 5 5 6
11 1 8 7
1 0 3 3
1 2 10 10
15 5 6 5
3 1 7 8
1 0 3 3
1 2 10 10
15 6 5 6
15 1 8 7
1 0 3 3
1 2 10 10
15 6 6 4
15 3 7 8
1 0 3 3
1 2 10 10
15 7 4 6
11 1 8 7
1 0 3 3
1 2 10 10
15 7 6 6
15 6 8 7
1 1 5 3
1 3 8 10
4 0 6 6
3 3 9 7
1 1 5 3
1 3 8 10
4 0 7 5
15 1 5 9
1 1 5 3
1 3 8 10
4 0 8 4
11 3 7 8
1 1 5 3
1 3 8 10
15 0 7 6
11 0 9 6
1 1 5 3
1 3 8 10
15 0 8 5
3 1 5 9
1 1 5 3
1 3 8 10
15 1 5 6
11 3 7 8
1 1 5 3
1 3 8 10
15 1 7 5
3 1 5 9
1 1 5 3
1 3 8 10
15 1 8 4
8 3 7 7
1 1 5 3
1 3 8 10
15 2 6 6
3 3 9 7
1 1 5 3
1 3 8 10
15 2 7 5
15 7 6 8
1 1 5 3
1 3 8 10
15 2 8 4
4 0 7 7
1 1 5 3
1 3 8 10
15 3 6 6
11 3 7 8
1 1 5 3
1 3 8 10
15 3 7 5
15 0 6 8
1 1 5 3
1 3 8 10
15 3 8 4
3 0 5 8
1 1 5 3
1 3 8 10
15 4 6 6
15 1 6 8
1 1 5 3
1 3 8 10
15 4 7 5
15 7 6 8
1 1 5 3
1 3 8 10
15 4 8 4
8 3 7 7
1 1 5 3
1 3 8 10
15 5 6 6
3 3 9 7
1 1 5 3
1 3 8 10
15 5 7 5
11 5 6 8
1 1 5 3
1 3 8 10
15 5 8 4
3 3 9 7
1 1 5 3
1 3 8 10
15 6 6 6
3 1 8 7
1 1 5 3
1 3 8 10
15 6 7 5
8 0 6 7
1 1 5 3
1 3 8 10
15 7 4 6
8 3 7 7
1 1 5 3
1 3 8 10
15 7 7 6
11 0 9 6
1 1 5 3
1 3 8 10
15 7 8 5
3 1 5 9
1 1 4 3
1 3 9 10
4 0 5 6
4 0 6 9
1 1 4 3
1 3 9 10
4 0 6 5
4 0 7 8
1 1 4 3
1 3 9 10
4 0 7 4
8 0 7 7
1 1 4 3
1 3 9 10
15 0 6 6
15 1 6 9
1 1 4 3
1 3 9 10
15 0 7 5
8 0 7 7
1 1 4 3
1 3 9 10
15 1 4 6
8 1 6 9
1 1 4 3
1 3 9 10
15 1 6 5
4 0 7 8
1 1 4 3
1 3 9 10
15 1 7 4
3 2 7 8
1 1 4 3
1 3 9 10
15 2 5 6
3 2 8 7
1 1 4 3
1 3 9 10
15 2 6 5
3 1 7 8
1 1 4 3
1 3 9 10
15 2 7 4
3 2 8 7
1 1 4 3
1 3 9 10
15 3 5 6
11 6 8 7
1 1 4 3
1 3 9 10
15 3 6 5
15 1 7 8
1 1 4 3
1 3 9 10
15 3 7 4
8 0 7 7
1 1 4 3
1 3 9 10
15 4 5 6
4 0 8 7
1 1 4 3
1 3 9 10
15 4 6 5
4 0 7 8
1 1 4 3
1 3 9 10
15 4 7 4
11 6 7 8
1 1 4 3
1 3 9 10
15 5 5 6
3 2 8 7
1 1 4 3
1 3 9 10
15 5 6 5
3 1 7 8
1 1 4 3
1 3 9 10
15 5 7 4
15 0 8 7
1 1 4 3
1 3 9 10
15 6 5 6
11 6 8 7
1 1 4 3
1 3 9 10
15 6 6 5
15 1 7 8
1 1 4 3
1 3 9 10
15 7 6 6
15 1 6 9
1 1 4 3
1 3 9 10
15 7 7 5
8 0 7 7
1 1 4 4
1 3 9 9
4 0 5 7
3 0 7 6
1 1 4 4
1 3 9 9
4 0 6 6
15 3 9 6
1 1 4 4
1 3 9 9
4 0 7 5
3 0 6 7
1 1 4 4
1 3 9 9
15 0 6 7
15 0 8 6
1 1 4 4
1 3 9 9
15 0 7 6
3 0 6 7
1 1 4 4
1 3 9 9
15 1 4 7
3 0 7 6
1 1 4 4
1 3 9 9
15 1 6 6
15 4 6 9
1 1 4 4
1 3 9 9
15 1 7 5
3 0 6 7
1 1 4 4
1 3 9 9
15 2 5 7
3 0 7 6
1 1 4 4
1 3 9 9
15 2 6 6
11 2 8 6
1 1 4 4
1 3 9 9
15 2 7 5
3 0 6 7
1 1 4 4
1 3 9 9
15 3 5 7
3 0 7 6
1 1 4 4
1 3 9 9
15 3 6 6
15 1 7 7
1 1 4 4
1 3 9 9
15 3 7 5
3 1 6 8
1 1 4 4
1 3 9 9
15 4 5 7
3 0 7 6
1 1 4 4
1 3 9 9
15 4 6 6
15 6 7 7
1 1 4 4
1 3 9 9
15 4 7 5
3 0 6 7
1 1 4 4
1 3 9 9
15 5 5 7
3 0 7 6
1 1 4 4
1 3 9 9
15 5 6 6
11 5 6 8
1 1 4 4
1 3 9 9
15 5 7 5
3 0 6 7
1 1 4 4
1 3 9 9
15 6 5 7
3 0 7 6
1 1 4 4
1 3 9 9
15 6 6 6
15 3 9 6
1 1 4 4
1 3 9 9
15 6 7 4
3 0 6 7
1 1 4 4
1 3 9 9
15 7 6 7
3 3 7 6
1 1 4 4
1 3 9 9
15 7 7 6
15 0 6 8
1 1 3 4
1 3 10 9
4 0 4 7
8 3 7 7
1 1 3 4
1 3 10 9
4 0 5 6
4 0 8 7
1 1 3 4
1 3 10 9
4 0 6 5
4 0 9 6
1 1 3 4
1 3 10 9
15 0 5 7
8 3 7 7
1 1 3 4
1 3 10 9
15 0 6 6
15 6 9 6
1 1 3 4
1 3 10 9
15 1 5 6
8 3 7 7
1 1 3 4
1 3 10 9
15 1 6 5
11 1 7 8
1 1 3 4
1 3 10 9
15 2 4 7
15 0 7 8
1 1 3 4
1 3 10 9
15 2 5 6
3 2 8 7
1 1 3 4
1 3 10 9
15 2 6 5
3 1 7 8
1 1 3 4
1 3 10 9
15 3 4 7
11 1 8 7
1 1 3 4
1 3 10 9
15 3 5 6
4 0 8 7
1 1 3 4
1 3 10 9
15 3 6 5
4 0 7 8
1 1 3 4
1 3 10 9
15 4 4 7
8 3 7 7
1 1 3 4
1 3 10 9
15 4 5 6
15 6 8 7
1 1 3 4
1 3 10 9
15 4 6 5
15 6 7 8
1 1 3 4
1 3 10 9
15 5 4 7
3 1 7 8
1 1 3 4
1 3 10 9
15 5 5 6
3 2 8 7
1 1 3 4
1 3 10 9
15 5 6 5
3 1 7 8
1 1 3 4
1 3 10 9
15 6 4 7
3 1 8 7
1 1 3 4
1 3 10 9
15 6 5 6
4 0 8 7
1 1 3 4
1 3 10 9
15 6 6 4
8 2 9 6
1 1 3 4
1 3 10 9
15 7 5 7
8 3 7 7
1 1 3 4
1 3 10 9
15 7 6 6
15 6 9 6
1 1 3 5
1 3 10 8
4 0 4 8
11 4 8 7
1 1 3 5
1 3 10 8
4 0 5 7
15 6 9 5
1 1 3 5
1 3 10 8
4 0 6 6
3 0 7 9
1 1 3 5
1 3 10 8
15 0 5 8
3 2 7 8
1 1 3 5
1 3 10 8
15 0 6 4
8 0 7 7
1 1 3 5
1 3 10 8
15 0 6 7
11 7 6 9
1 1 3 5
1 3 10 8
15 1 5 7
8 3 7 6
1 1 3 5
1 3 10 8
15 1 6 6
3 2 7 8
1 1 3 5
1 3 10 8
15 2 4 8
3 0 7 9
1 1 3 5
1 3 10 8
15 2 5 7
11 2 8 6
1 1 3 5
1 3 10 8
15 2 6 6
15 5 8 5
1 1 3 5
1 3 10 8
15 3 4 8
8 0 7 7
1 1 3 5
1 3 10 8
15 3 5 7
8 2 9 5
1 1 3 5
1 3 10 8
15 3 6 6
15 6 8 6
1 1 3 5
1 3 10 8
15 4 4 8
3 0 8 5
1 1 3 5
1 3 10 8
15 4 5 7
15 0 8 6
1 1 3 5
1 3 10 8
15 4 6 6
11 4 8 7
1 1 3 5
1 3 10 8
15 5 4 8
4 0 7 7
1 1 3 5
1 3 10 8
15 5 5 7
15 0 8 6
1 1 3 5
1 3 10 8
15 5 6 6
3 0 7 9
1 1 3 5
1 3 10 8
15 6 4 8
8 0 7 7
1 1 3 5
1 3 10 8
15 6 5 7
3 0 8 5
1 1 3 5
1 3 10 8
15 6 6 5
11 4 8 7
1 1 3 5
1 3 10 8
15 7 5 8
3 2 9 5
1 1 3 5
1 3 10 8
15 7 6 7
11 7 6 9
1 2 5 5
1 0 8 8
4 0 4 8
3 0 9 5
1 2 5 5
1 0 8 8
4 0 7 4
3 0 6 9
1 2 5 5
1 0 8 8
4 0 8 5
3 3 5 8
1 2 5 5
1 0 8 8
15 0 4 8
3 0 9 5
1 2 5 5
1 0 8 8
15 0 7 4
3 0 6 9
1 2 5 5
1 0 8 8
15 1 7 4
3 0 6 9
1 2 5 5
1 0 8 8
15 1 8 5
3 3 5 8
1 2 5 5
1 0 8 8
15 2 4 8
3 0 9 5
1 2 5 5
1 0 8 8
15 2 7 4
3 0 6 9
1 2 5 5
1 0 8 8
15 2 8 5
3 0 6 9
1 2 5 5
1 0 8 8
15 3 4 8
3 0 9 5
1 2 5 5
1 0 8 8
15 3 8 4
3 0 6 9
1 2 5 5
1 0 8 8
15 4 7 4
3 0 6 9
1 2 5 5
1 0 8 8
15 4 8 5
3 0 6 9
1 2 5 5
1 0 8 8
15 5 4 8
3 0 9 5
1 2 5 5
1 0 8 8
15 5 7 4
3 0 6 9
1 2 5 5
1 0 8 8
15 5 8 5
3 3 5 8
1 2 5 5
1 0 8 8
15 6 4 8
3 0 9 5
1 2 5 5
1 0 8 8
15 6 8 4
3 0 6 9
1 2 5 5
1 0 8 8
15 7 5 8
3 0 9 5
1 2 5 5
1 0 8 8
15 7 7 4
3 0 6 9
1 2 5 5
1 0 8 8
15 7 8 5
3 3 5 8
1 2 5 4
1 0 8 9
4 0 4 7
3 0 9 6
1 2 5 4
1 0 8 9
4 0 8 4
3 1 5 7
1 2 5 4
1 0 8 9
4 0 8 6
3 1 5 7
1 2 5 4
1 0 8 9
15 0 4 7
3 0 9 6
1 2 5 4
1 0 8 9
15 0 8 5
3 1 5 7
1 2 5 4
1 0 8 9
15 1 6 7
3 0 9 6
1 2 5 4
1 0 8 9
15 1 8 4
3 1 5 7
1 2 5 4
1 0 8 9
15 1 8 6
3 1 5 7
1 2 5 4
1 0 8 9
15 2 4 7
3 0 9 6
1 2 5 4
1 0 8 9
15 2 8 4
3 1 5 7
1 2 5 4
1 0 8 9
15 2 8 6
3 1 5 7
1 2 5 4
1 0 8 9
15 3 4 7
3 0 9 6
1 2 5 4
1 0 8 9
15 3 7 7
3 0 9 6
1 2 5 4
1 0 8 9
15 3 8 6
15 1 5 7
1 2 5 4
1 0 8 9
15 4 8 4
3 1 5 7
1 2 5 4
1 0 8 9
15 4 8 6
3 0 5 8
1 2 5 4
1 0 8 9
15 5 4 7
3 0 9 6
1 2 5 4
1 0 8 9
15 5 8 4
3 1 5 7
1 2 5 4
1 0 8 9
15 5 8 6
3 1 5 7
1 2 5 4
1 0 8 9
15 6 4 7
3 0 9 6
1 2 5 4
1 0 8 9
15 6 8 5
3 1 5 7
1 2 5 4
1 0 8 9
15 7 5 7
3 0 9 6
1 2 5 4
1 0 8 9
15 7 8 4
3 1 5 7
1 2 4 4
1 0 9 9
4 0 6 7
15 5 9 6
1 2 4 4
1 0 9 9
4 0 7 4
3 0 6 8
1 2 4 4
1 0 9 9
4 0 7 6
3 0 6 8
1 2 4 4
1 0 9 9
15 0 7 5
3 0 6 8
1 2 4 4
1 0 9 9
15 0 7 7
3 3 9 6
1 2 4 4
1 0 9 9
15 1 5 7
15 5 9 6
1 2 4 4
1 0 9 9
15 1 7 4
3 0 6 8
1 2 4 4
1 0 9 9
15 1 7 6
3 0 6 8
1 2 4 4
1 0 9 9
15 2 6 7
15 5 9 6
1 2 4 4
1 0 9 9
15 2 7 4
3 0 6 8
1 2 4 4
1 0 9 9
15 2 7 6
3 0 6 8
1 2 4 4
1 0 9 9
15 3 6 7
3 3 9 6
1 2 4 4
1 0 9 9
15 3 7 6
3 3 6 9
1 2 4 4
1 0 9 9
15 4 6 7
3 3 9 6
1 2 4 4
1 0 9 9
15 4 7 4
3 1 8 6
1 2 4 4
1 0 9 9
15 4 7 6
3 0 6 8
1 2 4 4
1 0 9 9
15 5 6 7
15 5 9 6
1 2 4 4
1 0 9 9
15 5 7 4
3 0 6 8
1 2 4 4
1 0 9 9
15 5 7 6
3 0 6 8
1 2 4 4
1 0 9 9
15 6 6 7
3 3 9 6
1 2 4 4
1 0 9 9
15 6 7 5
3 0 6 8
1 2 4 4
1 0 9 9
15 7 4 7
3 1 8 6
1 2 4 4
1 0 9 9
15 7 7 4
3 0 6 8
1 2 4 4
1 0 9 9
15 7 7 7
15 5 9 6
1 2 4 3
1 0 9 10
4 0 6 6
3 1 8 7
1 2 4 3
1 0 9 10
4 0 7 5
8 0 6 8
1 2 4 3
1 0 9 10
15 0 7 4
11 5 6 8
1 2 4 3
1 0 9 10
15 0 7 6
3 0 6 7
1 2 4 3
1 0 9 10
15 1 5 6
11 3 7 8
1 2 4 3
1 0 9 10
15 1 7 5
15 3 8 7
1 2 4 3
1 0 9 10
15 2 6 6
11 0 9 6
1 2 4 3
1 0 9 10
15 2 7 5
15 7 6 8
1 2 4 3
1 0 9 10
15 3 6 6
11 3 7 8
1 2 4 3
1 0 9 10
15 3 7 5
15 0 6 8
1 2 4 3
1 0 9 10
15 4 6 6
15 3 8 7
1 2 4 3
1 0 9 10
15 4 7 5
15 7 6 8
1 2 4 3
1 0 9 10
15 5 6 6
11 0 9 6
1 2 4 3
1 0 9 10
15 5 7 5
11 5 6 8
1 2 4 3
1 0 9 10
15 6 6 6
3 1 8 7
1 2 4 3
1 0 9 10
15 6 7 4
3 1 8 7
1 2 4 3
1 0 9 10
15 7 4 6
11 3 7 8
1 2 4 3
1 0 9 10
15 7 7 6
11 0 9 6
1 2 3 3
1 0 10 10
4 0 5 6
4 0 8 7
1 2 3 3
1 0 10 10
4 0 6 5
4 0 7 8
1 2 3 3
1 0 10 10
15 0 6 4
11 6 7 8
1 2 3 3
1 0 10 10
15 0 6 6
15 6 8 7
1 2 3 3
1 0 10 10
15 1 4 6
15 4 8 7
1 2 3 3
1 0 10 10
15 1 6 5
15 6 7 8
1 2 3 3
1 0 10 10
15 2 5 6
3 2 8 7
1 2 3 3
1 0 10 10
15 2 6 5
3 1 7 8
1 2 3 3
1 0 10 10
15 3 5 6
15 1 8 7
1 2 3 3
1 0 10 10
15 3 6 5
4 0 7 8
1 2 3 3
1 0 10 10
15 4 5 6
4 0 8 7
1 2 3 3
1 0 10 10
15 4 6 5
15 6 7 8
1 2 3 3
1 0 10 10
15 5 5 6
3 2 8 7
1 2 3 3
1 0 10 10
15 5 6 5
3 1 7 8
1 2 3 3
1 0 10 10
15 6 5 6
11 1 8 7
1 2 3 3
1 0 10 10
15 6 6 4
15 3 7 8
1 2 3 3
1 0 10 10
15 7 6 6
15 6 8 7
1 3 5 3
1 1 8 10
4 0 5 6
8 3 8 7
1 3 5 3
1 1 8 10
4 0 6 5
8 0 6 8
1 3 5 3
1 1 8 10
4 0 7 4
3 2 8 7
1 3 5 3
1 1 8 10
15 0 6 6
3 3 9 7
1 3 5 3
1 1 8 10
15 0 7 5
8 2 6 9
1 3 5 3
1 1 8 10
15 0 8 4
4 0 8 7
1 3 5 3
1 1 8 10
15 1 4 6
8 1 6 9
1 3 5 3
1 1 8 10
15 1 6 5
4 0 6 9
1 3 5 3
1 1 8 10
15 1 7 4
3 2 8 7
1 3 5 3
1 1 8 10
15 2 5 6
8 3 8 7
1 3 5 3
1 1 8 10
15 2 6 5
8 0 6 8
1 3 5 3
1 1 8 10
15 2 7 4
3 1 9 7
1 3 5 3
1 1 8 10
15 3 5 6
15 1 8 7
1 3 5 3
1 1 8 10
15 3 6 5
15 4 6 9
1 3 5 3
1 1 8 10
15 3 7 4
15 1 8 7
1 3 5 3
1 1 8 10
15 4 5 6
11 1 8 7
1 3 5 3
1 1 8 10
15 4 6 5
8 0 6 8
1 3 5 3
1 1 8 10
15 4 7 4
15 5 9 7
1 3 5 3
1 1 8 10
15 5 5 6
8 3 8 7
1 3 5 3
1 1 8 10
15 5 6 5
3 1 7 8
1 3 5 3
1 1 8 10
15 5 7 4
4 0 8 7
1 3 5 3
1 1 8 10
15 6 5 6
3 3 9 7
1 3 5 3
1 1 8 10
15 6 6 5
4 0 7 8
1 3 5 3
1 1 8 10
15 6 7 4
3 2 8 7
1 3 5 3
1 1 8 10
15 7 4 6
3 3 9 7
1 3 5 3
1 1 8 10
15 7 6 6
3 3 9 7
1 3 5 3
1 1 8 10
15 7 7 5
3 3 9 7
1 3 5 3
1 1 8 10
15 7 8 4
4 0 8 7
1 3 5 4
1 1 8 9
4 0 5 7
3 1 9 6
1 3 5 4
1 1 8 9
4 0 6 6
4 0 5 9
1 3 5 4
1 1 8 9
4 0 7 5
3 1 5 9
1 3 5 4
1 1 8 9
4 0 8 4
3 3 5 8
1 3 5 4
1 1 8 9
15 0 6 7
3 1 9 6
1 3 5 4
1 1 8 9
15 0 7 6
3 1 5 9
1 3 5 4
1 1 8 9
15 0 8 5
3 3 6 7
1 3 5 4
1 1 8 9
15 1 4 7
3 1 5 9
1 3 5 4
1 1 8 9
15 1 6 6
15 1 6 8
1 3 5 4
1 1 8 9
15 1 7 5
3 1 5 9
1 3 5 4
1 1 8 9
15 1 8 4
3 3 5 8
1 3 5 4
1 1 8 9
15 2 5 7
3 1 9 6
1 3 5 4
1 1 8 9
15 2 6 6
11 2 8 6
1 3 5 4
1 1 8 9
15 2 7 5
3 1 5 9
1 3 5 4
1 1 8 9
15 2 8 4
15 0 6 8
1 3 5 4
1 1 8 9
15 3 5 7
3 1 9 6
1 3 5 4
1 1 8 9
15 3 6 6
15 3 9 6
1 3 5 4
1 1 8 9
15 3 7 5
3 1 5 9
1 3 5 4
1 1 8 9
15 3 8 4
3 3 5 8
1 3 5 4
1 1 8 9
15 4 5 7
3 1 9 6
1 3 5 4
1 1 8 9
15 4 6 6
15 1 6 8
1 3 5 4
1 1 8 9
15 4 7 5
3 1 5 9
1 3 5 4
1 1 8 9
15 4 8 4
3 3 5 8
1 3 5 4
1 1 8 9
15 5 5 7
3 1 9 6
1 3 5 4
1 1 8 9
15 5 6 6
4 0 6 8
1 3 5 4
1 1 8 9
15 5 7 5
3 1 5 9
1 3 5 4
1 1 8 9
15 5 8 4
3 3 6 7
1 3 5 4
1 1 8 9
15 6 5 7
3 1 9 6
1 3 5 4
1 1 8 9
15 6 6 6
15 3 9 6
1 3 5 4
1 1 8 9
15 6 7 5
3 1 5 9
1 3 5 4
1 1 8 9
15 7 4 7
3 2 8 6
1 3 5 4
1 1 8 9
15 7 6 7
3 1 9 6
1 3 5 4
1 1 8 9
15 7 7 6
4 0 5 9
1 3 5 4
1 1 8 9
15 7 8 5
3 3 6 7
1 3 4 4
1 1 9 9
4 0 4 7
4 0 7 8
1 3 4 4
1 1 9 9
4 0 5 6
4 0 8 7
1 3 4 4
1 1 9 9
4 0 6 5
4 0 7 8
1 3 4 4
1 1 9 9
4 0 7 4
4 0 8 7
1 3 4 4
1 1 9 9
15 0 5 7
3 2 9 6
1 3 4 4
1 1 9 9
15 0 6 6
8 2 7 8
1 3 4 4
1 1 9 9
15 0 7 5
4 0 6 9
1 3 4 4
1 1 9 9
15 1 5 6
4 0 8 7
1 3 4 4
1 1 9 9
15 1 6 5
4 0 7 8
1 3 4 4
1 1 9 9
15 1 7 4
15 3 8 7
1 3 4 4
1 1 9 9
15 2 4 7
3 0 6 8
1 3 4 4
1 1 9 9
15 2 5 6
3 2 8 7
1 3 4 4
1 1 9 9
15 2 6 5
4 0 7 8
1 3 4 4
1 1 9 9
15 2 7 4
3 3 6 8
1 3 4 4
1 1 9 9
15 3 4 7
4 0 8 7
1 3 4 4
1 1 9 9
15 3 5 6
4 0 8 7
1 3 4 4
1 1 9 9
15 3 6 5
4 0 7 8
1 3 4 4
1 1 9 9
15 3 7 4
11 7 5 8
1 3 4 4
1 1 9 9
15 4 4 7
11 0 8 5
1 3 4 4
1 1 9 9
15 4 5 6
4 0 8 7
1 3 4 4
1 1 9 9
15 4 6 5
4 0 7 8
1 3 4 4
1 1 9 9
15 4 7 4
3 3 6 8
1 3 4 4
1 1 9 9
15 5 4 7
3 0 8 6
1 3 4 4
1 1 9 9
15 5 5 6
4 0 8 7
1 3 4 4
1 1 9 9
15 5 6 5
3 1 7 8
1 3 4 4
1 1 9 9
15 5 7 4
3 3 8 6
1 3 4 4
1 1 9 9
15 6 4 7
15 1 7 8
1 3 4 4
1 1 9 9
15 6 5 6
4 0 8 7
1 3 4 4
1 1 9 9
15 6 6 5
4 0 7 8
1 3 4 4
1 1 9 9
15 7 5 7
4 0 9 6
1 3 4 4
1 1 9 9
15 7 6 6
8 1 8 7
1 3 4 4
1 1 9 9
15 7 7 5
3 1 6 9
1 3 4 5
1 1 9 8
4 0 4 8
3 0 8 5
1 3 4 5
1 1 9 8
4 0 5 7
3 2 9 5
1 3 4 5
1 1 9 8
4 0 6 6
4 0 9 5
1 3 4 5
1 1 9 8
4 0 7 5
3 0 6 9
1 3 4 5
1 1 9 8
15 0 5 8
3 0 7 6
1 3 4 5
1 1 9 8
15 0 6 7
4 0 9 5
1 3 4 5
1 1 9 8
15 0 7 4
3 1 6 8
1 3 4 5
1 1 9 8
15 0 7 6
3 0 6 9
1 3 4 5
1 1 9 8
15 1 5 7
3 0 7 6
1 3 4 5
1 1 9 8
15 1 6 6
15 4 6 9
1 3 4 5
1 1 9 8
15 1 7 5
3 0 6 9
1 3 4 5
1 1 9 8
15 2 4 8
3 0 7 6
1 3 4 5
1 1 9 8
15 2 5 7
3 0 7 6
1 3 4 5
1 1 9 8
15 2 6 6
4 0 8 6
1 3 4 5
1 1 9 8
15 2 7 5
3 0 6 9
1 3 4 5
1 1 9 8
15 3 4 8
3 0 7 6
1 3 4 5
1 1 9 8
15 3 5 7
3 0 7 6
1 3 4 5
1 1 9 8
15 3 6 6
15 6 8 6
1 3 4 5
1 1 9 8
15 3 7 5
3 0 6 9
1 3 4 5
1 1 9 8
15 4 4 8
3 0 7 6
1 3 4 5
1 1 9 8
15 4 5 7
3 0 7 6
1 3 4 5
1 1 9 8
15 4 6 6
15 4 6 9
1 3 4 5
1 1 9 8
15 4 7 5
3 0 6 9
1 3 4 5
1 1 9 8
15 5 4 8
15 5 7 6
1 3 4 5
1 1 9 8
15 5 5 7
3 0 7 6
1 3 4 5
1 1 9 8
15 5 6 6
11 5 6 8
1 3 4 5
1 1 9 8
15 5 7 5
3 1 6 8
1 3 4 5
1 1 9 8
15 6 4 8
3 0 7 6
1 3 4 5
1 1 9 8
15 6 5 7
3 0 7 6
1 3 4 5
1 1 9 8
15 6 6 6
15 6 8 6
1 3 4 5
1 1 9 8
15 6 7 4
3 1 6 8
1 3 4 5
1 1 9 8
15 7 5 8
3 0 7 6
1 3 4 5
1 1 9 8
15 7 6 7
3 2 9 5
1 3 4 5
1 1 9 8
15 7 7 6
3 0 6 9
1 3 3 5
1 1 10 8
4 0 4 7
3 1 7 8
1 3 3 5
1 1 10 8
4 0 5 6
8 3 8 6
1 3 3 5
1 1 10 8
4 0 6 5
8 0 7 8
1 3 3 5
1 1 10 8
15 0 4 8
4 0 7 8
1 3 3 5
1 1 10 8
15 0 5 7
3 0 7 9
1 3 3 5
1 1 10 8
15 0 6 4
3 0 7 9
1 3 3 5
1 1 10 8
15 0 6 6
3 0 7 9
1 3 3 5
1 1 10 8
15 1 4 7
3 1 7 8
1 3 3 5
1 1 10 8
15 1 5 6
4 0 8 7
1 3 3 5
1 1 10 8
15 1 6 5
3 0 7 9
1 3 3 5
1 1 10 8
15 2 4 7
4 0 7 8
1 3 3 5
1 1 10 8
15 2 5 6
3 2 8 7
1 3 3 5
1 1 10 8
15 2 6 5
8 0 7 8
1 3 3 5
1 1 10 8
15 3 4 7
15 2 7 9
1 3 3 5
1 1 10 8
15 3 5 6
4 0 8 7
1 3 3 5
1 1 10 8
15 3 6 5
11 6 7 8
1 3 3 5
1 1 10 8
15 4 4 7
15 3 7 8
1 3 3 5
1 1 10 8
15 4 5 6
15 3 9 6
1 3 3 5
1 1 10 8
15 4 6 5
15 6 7 8
1 3 3 5
1 1 10 8
15 5 4 7
3 2 7 9
1 3 3 5
1 1 10 8
15 5 5 6
8 3 8 6
1 3 3 5
1 1 10 8
15 5 6 5
8 0 7 8
1 3 3 5
1 1 10 8
15 6 4 7
3 1 7 8
1 3 3 5
1 1 10 8
15 6 5 6
4 0 9 6
1 3 3 5
1 1 10 8
15 6 6 4
8 2 9 6
1 3 3 5
1 1 10 8
15 7 4 8
4 0 7 8
1 3 3 5
1 1 10 8
15 7 5 7
8 1 9 6
1 3 3 5
1 1 10 8
15 7 6 6
3 0 7 9
4 0 4 4
4 0 9 9
1 0 6 7
15 2 6 9
4 0 4 4
4 0 9 9
1 0 7 4
1 2 6 7
4 0 4 4
4 0 9 9
1 0 7 6
1 2 6 7
4 0 4 4
4 0 9 9
1 1 4 7
1 0 7 6
4 0 4 4
4 0 9 9
1 1 5 6
1 3 8 7
4 0 4 4
4 0 9 9
1 1 6 5
1 3 7 8
4 0 4 4
4 0 9 9
1 1 7 4
1 1 8 6
4 0 4 4
4 0 9 9
1 2 4 7
1 0 7 6
4 0 4 4
4 0 9 9
1 2 6 7
1 0 7 6
4 0 4 4
4 0 9 9
1 2 7 6
15 5 9 6
4 0 4 4
4 0 9 9
1 3 5 7
1 0 7 6
4 0 4 4
4 0 9 9
1 3 6 6
1 1 7 7
4 0 4 4
4 0 9 9
1 3 7 5
1 2 6 7
4 0 4 4
4 0 9 9
15 0 6 7
15 0 8 6
4 0 4 4
4 0 9 9
15 0 7 4
15 0 6 8
4 0 4 4
4 0 9 9
15 0 7 6
1 2 6 9
4 0 4 4
4 0 9 9
15 1 4 7
1 1 6 8
4 0 4 4
4 0 9 9
15 1 6 6
1 3 7 8
4 0 4 4
4 0 9 9
15 1 7 5
1 3 6 9
4 0 4 4
4 0 9 9
15 2 5 7
3 2 8 6
4 0 4 4
4 0 9 9
15 2 6 6
1 3 9 6
4 0 4 4
4 0 9 9
15 2 7 5
1 3 6 9
4 0 4 4
4 0 9 9
15 3 5 7
1 3 9 6
4 0 4 4
4 0 9 9
15 3 6 6
1 1 7 7
4 0 4 4
4 0 9 9
15 3 7 5
1 3 7 8
4 0 4 4
4 0 9 9
15 4 5 7
1 3 8 7
4 0 4 4
4 0 9 9
15 4 6 6
1 1 7 7
4 0 4 4
4 0 9 9
15 4 7 5
1 3 6 9
4 0 4 4
4 0 9 9
15 5 5 7
1 3 9 6
4 0 4 4
4 0 9 9
15 5 6 6
1 3 6 9
4 0 4 4
4 0 9 9
15 5 7 5
3 1 6 8
4 0 4 4
4 0 9 9
15 6 5 7
1 3 9 6
4 0 4 4
4 0 9 9
15 6 6 6
1 3 8 7
4 0 4 4
4 0 9 9
15 6 7 4
1 1 8 6
4 0 4 4
4 0 9 9
15 7 4 7
15 7 8 6
4 0 4 4
4 0 9 9
15 7 6 7
1 0 9 6
4 0 4 4
4 0 9 9
15 7 7 6
15 7 6 8
4 0 5 4
4 0 8 9
1 0 4 7
1 1 7 6
4 0 5 4
4 0 8 9
1 0 8 4
1 3 6 8
4 0 5 4
4 0 8 9
1 0 8 6
1 0 5 7
4 0 5 4
4 0 8 9
1 1 5 7
1 0 8 6
4 0 5 4
4 0 8 9
1 1 6 6
1 0 9 7
4 0 5 4
4 0 8 9
1 1 7 5
1 0 5 7
4 0 5 4
4 0 8 9
1 1 8 4
1 0 5 7
4 0 5 4
4 0 8 9
1 2 4 6
3 2 7 6
4 0 5 4
4 0 8 9
1 2 5 7
1 0 8 6
4 0 5 4
4 0 8 9
1 2 8 6
1 2 5 7
4 0 5 4
4 0 8 9
1 3 6 7
1 0 8 6
4 0 5 4
4 0 8 9
1 3 7 6
15 3 5 8
4 0 5 4
4 0 8 9
1 3 8 5
1 0 5 7
4 0 5 4
4 0 8 9
15 0 4 7
1 0 8 6
4 0 5 4
4 0 8 9
15 0 7 7
1 0 5 7
4 0 5 4
4 0 8 9
15 0 8 4
1 0 5 7
4 0 5 4
4 0 8 9
15 0 8 6
1 2 5 7
4 0 5 4
4 0 8 9
15 1 5 7
1 0 8 6
4 0 5 4
4 0 8 9
15 1 7 6
15 2 5 7
4 0 5 4
4 0 8 9
15 1 8 5
1 0 5 7
4 0 5 4
4 0 8 9
15 2 4 7
1 0 8 6
4 0 5 4
4 0 8 9
15 2 6 7
1 0 8 6
4 0 5 4
4 0 8 9
15 2 7 6
1 0 5 7
4 0 5 4
4 0 8 9
15 2 8 5
1 0 5 7
4 0 5 4
4 0 8 9
15 3 4 7
1 0 8 6
4 0 5 4
4 0 8 9
15 3 6 7
1 0 8 6
4 0 5 4
4 0 8 9
15 3 7 6
11 6 9 6
4 0 5 4
4 0 8 9
15 3 8 5
1 0 5 7
4 0 5 4
4 0 8 9
15 4 6 7
1 0 8 6
4 0 5 4
4 0 8 9
15 4 7 6
15 3 5 8
4 0 5 4
4 0 8 9
15 4 8 5
1 0 5 7
4 0 5 4
4 0 8 9
15 5 4 7
1 0 8 6
4 0 5 4
4 0 8 9
15 5 6 7
1 0 8 6
4 0 5 4
4 0 8 9
15 5 7 6
1 0 5 7
4 0 5 4
4 0 8 9
15 5 8 5
1 0 5 7
4 0 5 4
4 0 8 9
15 6 4 7
1 0 8 6
4 0 5 4
4 0 8 9
15 6 6 7
1 0 8 6
4 0 5 4
4 0 8 9
15 6 7 6
11 6 9 6
4 0 5 4
4 0 8 9
15 6 8 4
1 0 5 7
4 0 5 4
4 0 8 9
15 7 5 7
1 0 8 6
4 0 5 4
4 0 8 9
15 7 7 7
1 2 5 7
4 0 5 4
4 0 8 9
15 7 8 6
1 2 5 7
4 0 3 4
4 0 10 9
1 0 5 7
1 1 8 7
4 0 3 4
4 0 10 9
1 0 6 4
1 1 8 7
4 0 3 4
4 0 10 9
1 0 6 6
1 1 8 7
4 0 3 4
4 0 10 9
1 1 4 6
3 1 8 7
4 0 3 4
4 0 10 9
1 1 5 5
11 1 8 7
4 0 3 4
4 0 10 9
1 1 6 4
15 2 8 6
4 0 3 4
4 0 10 9
1 2 5 7
15 6 8 7
4 0 3 4
4 0 10 9
1 2 6 6
15 6 8 7
4 0 3 4
4 0 10 9
1 3 4 7
3 3 8 6
4 0 3 4
4 0 10 9
1 3 5 6
1 1 8 7
4 0 3 4
4 0 10 9
1 3 6 5
1 1 7 8
4 0 3 4
4 0 10 9
15 0 5 7
1 1 8 7
4 0 3 4
4 0 10 9
15 0 6 4
1 1 8 7
4 0 3 4
4 0 10 9
15 0 6 6
3 1 8 7
4 0 3 4
4 0 10 9
15 1 5 6
15 6 8 7
4 0 3 4
4 0 10 9
15 1 6 5
8 2 8 7
4 0 3 4
4 0 10 9
15 2 4 7
15 0 7 8
4 0 3 4
4 0 10 9
15 2 5 6
3 1 8 7
4 0 3 4
4 0 10 9
15 2 6 5
1 1 8 7
4 0 3 4
4 0 10 9
15 3 4 7
11 1 8 7
4 0 3 4
4 0 10 9
15 3 5 6
3 1 8 7
4 0 3 4
4 0 10 9
15 3 6 5
15 7 8 7
4 0 3 4
4 0 10 9
15 4 4 7
3 1 8 7
4 0 3 4
4 0 10 9
15 4 5 6
15 6 8 7
4 0 3 4
4 0 10 9
15 4 6 5
8 2 8 7
4 0 3 4
4 0 10 9
15 5 4 7
3 1 7 8
4 0 3 4
4 0 10 9
15 5 5 6
3 1 8 7
4 0 3 4
4 0 10 9
15 5 6 5
8 2 8 7
4 0 3 4
4 0 10 9
15 6 4 7
11 1 8 7
4 0 3 4
4 0 10 9
15 6 5 6
8 1 8 7
4 0 3 4
4 0 10 9
15 6 6 4
3 1 7 8
4 0 3 4
4 0 10 9
15 7 5 7
8 3 7 7
4 0 3 4
4 0 10 9
15 7 6 6
3 1 8 7
4 0 4 5
4 0 9 8
1 0 6 4
3 0 6 8
4 0 4 5
4 0 9 8
1 0 6 8
1 0 7 5
4 0 4 5
4 0 9 8
1 0 7 5
1 1 6 7
4 0 4 5
4 0 9 8
1 1 4 8
1 0 7 5
4 0 4 5
4 0 9 8
1 1 5 7
1 0 7 5
4 0 4 5
4 0 9 8
1 1 6 6
1 0 6 9
4 0 4 5
4 0 9 8
1 1 7 5
1 0 6 9
4 0 4 5
4 0 9 8
1 2 4 8
1 3 8 6
4 0 4 5
4 0 9 8
1 2 6 8
1 0 7 5
4 0 4 5
4 0 9 8
1 2 7 4
1 1 6 7
4 0 4 5
4 0 9 8
1 3 5 8
1 0 7 5
4 0 4 5
4 0 9 8
1 3 6 7
15 1 8 5
4 0 4 5
4 0 9 8
1 3 7 6
1 0 6 9
4 0 4 5
4 0 9 8
15 0 6 8
1 0 7 5
4 0 4 5
4 0 9 8
15 0 7 5
1 0 6 9
4 0 4 5
4 0 9 8
15 0 7 7
1 0 7 5
4 0 4 5
4 0 9 8
15 1 4 8
1 0 7 5
4 0 4 5
4 0 9 8
15 1 6 7
11 1 6 9
4 0 4 5
4 0 9 8
15 1 7 4
1 2 6 8
4 0 4 5
4 0 9 8
15 1 7 6
1 0 6 9
4 0 4 5
4 0 9 8
15 2 5 8
1 0 7 5
4 0 4 5
4 0 9 8
15 2 6 7
1 0 7 5
4 0 4 5
4 0 9 8
15 2 7 4
1 1 6 7
4 0 4 5
4 0 9 8
15 2 7 6
1 0 6 9
4 0 4 5
4 0 9 8
15 3 5 8
1 0 7 5
4 0 4 5
4 0 9 8
15 3 6 7
15 1 8 5
4 0 4 5
4 0 9 8
15 3 7 6
1 0 6 9
4 0 4 5
4 0 9 8
15 4 5 8
1 0 7 5
4 0 4 5
4 0 9 8
15 4 6 7
11 1 6 9
4 0 4 5
4 0 9 8
15 4 7 4
1 2 6 8
4 0 4 5
4 0 9 8
15 4 7 6
1 0 6 9
4 0 4 5
4 0 9 8
15 5 5 8
1 0 7 5
4 0 4 5
4 0 9 8
15 5 6 7
1 0 7 5
4 0 4 5
4 0 9 8
15 5 7 4
1 0 6 9
4 0 4 5
4 0 9 8
15 5 7 6
1 0 6 9
4 0 4 5
4 0 9 8
15 6 5 8
1 0 7 5
4 0 4 5
4 0 9 8
15 6 6 7
15 2 7 5
4 0 4 5
4 0 9 8
15 6 7 5
1 0 6 9
4 0 4 5
4 0 9 8
15 7 4 8
1 0 7 5
4 0 4 5
4 0 9 8
15 7 6 8
1 0 7 5
4 0 4 5
4 0 9 8
15 7 7 4
1 2 6 8
4 0 4 5
4 0 9 8
15 7 7 7
1 0 7 5
4 0 4 3
4 0 9 10
1 0 6 6
15 1 7 8
4 0 4 3
4 0 9 10
1 0 7 5
15 1 7 8
4 0 4 3
4 0 9 10
1 1 4 6
15 2 6 8
4 0 4 3
4 0 9 10
1 1 5 5
11 6 7 8
4 0 4 3
4 0 9 10
1 1 6 4
3 2 7 8
4 0 4 3
4 0 9 10
1 2 4 6
1 1 7 8
4 0 4 3
4 0 9 10
1 2 6 6
1 1 7 8
4 0 4 3
4 0 9 10
1 2 7 5
1 1 7 8
4 0 4 3
4 0 9 10
1 3 5 6
1 1 8 7
4 0 4 3
4 0 9 10
1 3 6 5
1 1 7 8
4 0 4 3
4 0 9 10
1 3 7 4
8 1 6 9
4 0 4 3
4 0 9 10
15 0 6 6
3 2 7 8
4 0 4 3
4 0 9 10
15 0 7 5
8 0 7 7
4 0 4 3
4 0 9 10
15 1 4 6
3 2 8 7
4 0 4 3
4 0 9 10
15 1 6 5
15 1 7 8
4 0 4 3
4 0 9 10
15 1 7 4
11 4 8 7
4 0 4 3
4 0 9 10
15 2 5 6
8 1 7 8
4 0 4 3
4 0 9 10
15 2 6 5
3 2 7 8
4 0 4 3
4 0 9 10
15 2 7 4
3 2 8 7
4 0 4 3
4 0 9 10
15 3 5 6
8 1 7 8
4 0 4 3
4 0 9 10
15 3 6 5
15 1 7 8
4 0 4 3
4 0 9 10
15 3 7 4
3 2 7 8
4 0 4 3
4 0 9 10
15 4 5 6
15 0 7 8
4 0 4 3
4 0 9 10
15 4 6 5
15 6 7 8
4 0 4 3
4 0 9 10
15 4 7 4
11 6 7 8
4 0 4 3
4 0 9 10
15 5 5 6
1 1 7 8
4 0 4 3
4 0 9 10
15 5 6 5
3 2 7 8
4 0 4 3
4 0 9 10
15 5 7 4
15 0 8 7
4 0 4 3
4 0 9 10
15 6 5 6
8 1 7 8
4 0 4 3
4 0 9 10
15 6 6 5
15 1 7 8
4 0 4 3
4 0 9 10
15 7 4 6
1 1 7 8
4 0 4 3
4 0 9 10
15 7 6 6
3 2 7 8
4 0 4 3
4 0 9 10
15 7 7 5
1 1 7 8
15 0 3 4
15 2 10 9
1 0 5 7
1 3 9 7
15 0 3 4
15 2 10 9
1 0 6 4
1 1 8 7
15 0 3 4
15 2 10 9
1 0 6 6
1 1 8 7
15 0 3 4
15 2 10 9
1 1 4 6
4 0 8 7
15 0 3 4
15 2 10 9
1 1 5 5
8 1 7 8
15 0 3 4
15 2 10 9
1 1 6 4
8 1 8 7
15 0 3 4
15 2 10 9
1 2 5 7
4 0 8 7
15 0 3 4
15 2 10 9
1 2 6 6
3 2 8 7
15 0 3 4
15 2 10 9
1 3 4 7
11 1 8 7
15 0 3 4
15 2 10 9
1 3 5 6
1 1 8 7
15 0 3 4
15 2 10 9
1 3 6 5
1 1 7 8
15 0 3 4
15 2 10 9
4 0 4 7
3 1 7 8
15 0 3 4
15 2 10 9
4 0 5 6
4 0 8 7
15 0 3 4
15 2 10 9
4 0 6 5
1 1 8 7
15 0 4 3
15 2 9 10
1 0 6 6
3 1 7 8
15 0 4 3
15 2 9 10
1 0 7 5
8 0 7 7
15 0 4 3
15 2 9 10
1 1 4 6
8 1 6 9
15 0 4 3
15 2 9 10
1 1 5 5
8 2 8 7
15 0 4 3
15 2 9 10
1 1 6 4
4 0 7 8
15 0 4 3
15 2 9 10
1 2 4 6
1 1 7 8
15 0 4 3
15 2 9 10
1 2 6 6
1 1 7 8
15 0 4 3
15 2 9 10
1 2 7 5
8 0 7 7
15 0 4 3
15 2 9 10
1 3 5 6
1 1 8 7
15 0 4 3
15 2 9 10
1 3 6 5
11 6 7 8
15 0 4 3
15 2 9 10
1 3 7 4
11 6 7 8
15 0 4 3
15 2 9 10
4 0 5 6
1 3 9 7
15 0 4 3
15 2 9 10
4 0 6 5
4 0 7 8
15 0 4 3
15 2 9 10
4 0 7 4
3 2 8 7
15 0 4 4
15 2 9 9
1 0 6 7
1 2 6 9
15 0 4 4
15 2 9 9
1 0 7 4
1 2 6 7
15 0 4 4
15 2 9 9
1 0 7 6
1 2 6 7
15 0 4 4
15 2 9 9
1 1 4 7
1 0 7 6
15 0 4 4
15 2 9 9
1 1 5 6
1 3 8 7
15 0 4 4
15 2 9 9
1 1 6 5
1 3 7 8
15 0 4 4
15 2 9 9
1 1 7 4
1 1 8 6
15 0 4 4
15 2 9 9
1 2 4 7
1 0 7 6
15 0 4 4
15 2 9 9
1 2 6 7
1 0 7 6
15 0 4 4
15 2 9 9
1 2 7 6
1 2 6 7
15 0 4 4
15 2 9 9
1 3 5 7
1 0 7 6
15 0 4 4
15 2 9 9
1 3 6 6
1 1 7 7
15 0 4 4
15 2 9 9
1 3 7 5
1 2 6 7
15 0 4 4
15 2 9 9
4 0 5 7
1 3 9 6
15 0 4 4
15 2 9 9
4 0 6 6
1 1 7 7
15 0 4 4
15 2 9 9
4 0 7 5
1 3 6 9
15 0 4 5
15 2 9 8
1 0 6 4
1 2 6 8
15 0 4 5
15 2 9 8
1 0 6 8
1 0 7 5
15 0 4 5
15 2 9 8
1 0 7 5
1 0 6 9
15 0 4 5
15 2 9 8
1 1 4 8
1 0 7 5
15 0 4 5
15 2 9 8
1 1 5 7
1 0 7 5
15 0 4 5
15 2 9 8
1 1 6 6
1 0 6 9
15 0 4 5
15 2 9 8
1 1 7 5
1 0 6 9
15 0 4 5
15 2 9 8
1 2 4 8
1 1 6 7
15 0 4 5
15 2 9 8
1 2 6 8
1 0 7 5
15 0 4 5
15 2 9 8
1 2 7 4
1 0 6 9
15 0 4 5
15 2 9 8
1 3 5 8
1 0 7 5
15 0 4 5
15 2 9 8
1 3 6 7
4 0 8 5
15 0 4 5
15 2 9 8
1 3 7 6
1 0 6 9
15 0 4 5
15 2 9 8
4 0 5 8
1 0 7 5
15 0 4 5
15 2 9 8
4 0 6 7
8 0 6 9
15 0 4 5
15 2 9 8
4 0 7 4
1 2 6 8
15 0 4 5
15 2 9 8
4 0 7 6
1 0 6 9
15 0 5 5
15 2 8 8
1 0 4 8
1 0 8 5
15 0 5 5
15 2 8 8
1 0 7 4
1 1 5 7
15 0 5 5
15 2 8 8
1 0 8 5
1 0 5 9
15 0 5 5
15 2 8 8
1 1 5 8
1 0 8 5
15 0 5 5
15 2 8 8
1 1 6 7
1 0 9 6
15 0 5 5
15 2 8 8
1 1 7 6
4 0 5 9
15 0 5 5
15 2 8 8
1 1 8 5
1 1 5 7
15 0 5 5
15 2 8 8
1 2 4 7
1 0 9 6
15 0 5 5
15 2 8 8
1 2 5 8
1 0 8 5
15 0 5 5
15 2 8 8
1 2 8 4
1 0 5 9
15 0 5 5
15 2 8 8
1 3 6 8
1 0 8 5
15 0 5 5
15 2 8 8
1 3 7 7
11 0 9 6
15 0 5 5
15 2 8 8
1 3 8 6
1 1 5 7
15 0 5 5
15 2 8 8
4 0 4 8
1 0 9 6
15 0 5 5
15 2 8 8
4 0 8 4
1 1 5 7
15 1 3 4
15 3 10 9
1 0 5 7
1 1 8 7
15 1 3 4
15 3 10 9
1 0 6 6
1 1 8 7
15 1 3 4
15 3 10 9
1 1 4 6
4 0 8 7
15 1 3 4
15 3 10 9
1 1 5 5
8 1 7 8
15 1 3 4
15 3 10 9
1 1 6 4
8 2 9 6
15 1 3 4
15 3 10 9
1 2 5 7
4 0 8 7
15 1 3 4
15 3 10 9
1 2 6 6
3 2 8 7
15 1 3 4
15 3 10 9
1 3 4 7
11 1 8 7
15 1 3 4
15 3 10 9
1 3 5 6
1 1 8 7
15 1 3 4
15 3 10 9
1 3 6 5
1 1 7 8
15 1 3 4
15 3 10 9
4 0 4 7
3 1 7 8
15 1 3 4
15 3 10 9
4 0 5 6
4 0 8 7
15 1 3 4
15 3 10 9
4 0 6 5
4 0 7 8
15 1 3 5
15 3 10 8
1 0 5 8
1 0 7 6
15 1 3 5
15 3 10 8
1 0 6 4
8 0 7 7
15 1 3 5
15 3 10 8
1 0 6 7
1 0 8 5
15 1 3 5
15 3 10 8
1 1 4 7
1 0 8 5
15 1 3 5
15 3 10 8
1 1 5 6
1 3 8 7
15 1 3 5
15 3 10 8
1 1 6 5
3 2 7 8
15 1 3 5
15 3 10 8
1 2 5 8
1 3 8 7
15 1 3 5
15 3 10 8
1 2 6 7
11 0 7 5
15 1 3 5
15 3 10 8
1 3 4 8
1 0 8 5
15 1 3 5
15 3 10 8
1 3 5 7
3 2 7 8
15 1 3 5
15 3 10 8
1 3 6 6
11 4 8 7
15 1 3 5
15 3 10 8
4 0 4 8
11 4 8 7
15 1 3 5
15 3 10 8
4 0 5 7
11 6 8 6
15 1 3 5
15 3 10 8
4 0 6 6
3 0 7 9
15 1 4 3
15 3 9 10
1 0 6 6
3 1 7 8
15 1 4 3
15 3 9 10
1 0 7 5
4 0 7 8
15 1 4 3
15 3 9 10
1 1 4 6
8 1 6 9
15 1 4 3
15 3 9 10
1 1 5 5
8 2 8 7
15 1 4 3
15 3 9 10
1 1 6 4
4 0 7 8
15 1 4 3
15 3 9 10
1 2 4 6
1 1 7 8
15 1 4 3
15 3 9 10
1 2 6 6
1 1 7 8
15 1 4 3
15 3 9 10
1 2 7 5
1 3 7 9
15 1 4 3
15 3 9 10
1 3 5 6
1 1 8 7
15 1 4 3
15 3 9 10
1 3 6 5
1 1 7 8
15 1 4 3
15 3 9 10
1 3 7 4
11 6 7 8
15 1 4 3
15 3 9 10
4 0 5 6
1 3 9 7
15 1 4 3
15 3 9 10
4 0 6 5
4 0 7 8
15 1 4 3
15 3 9 10
4 0 7 4
3 2 8 7
15 1 4 4
15 3 9 9
1 0 6 7
1 0 7 6
15 1 4 4
15 3 9 9
1 0 7 6
1 2 6 7
15 1 4 4
15 3 9 9
1 1 4 7
1 0 7 6
15 1 4 4
15 3 9 9
1 1 5 6
1 3 8 7
15 1 4 4
15 3 9 9
1 1 6 5
1 3 7 8
15 1 4 4
15 3 9 9
1 1 7 4
1 2 6 7
15 1 4 4
15 3 9 9
1 2 4 7
1 0 7 6
15 1 4 4
15 3 9 9
1 2 6 7
1 0 7 6
15 1 4 4
15 3 9 9
1 2 7 6
1 2 6 7
15 1 4 4
15 3 9 9
1 3 5 7
1 0 7 6
15 1 4 4
15 3 9 9
1 3 6 6
1 1 7 7
15 1 4 4
15 3 9 9
1 3 7 5
1 2 6 7
15 1 4 4
15 3 9 9
4 0 5 7
1 2 7 6
15 1 4 4
15 3 9 9
4 0 6 6
1 1 7 7
15 1 4 4
15 3 9 9
4 0 7 5
1 3 6 9
15 1 5 4
15 3 8 9
1 0 4 7
1 0 8 6
15 1 5 4
15 3 8 9
1 0 8 6
1 0 5 7
15 1 5 4
15 3 8 9
1 1 5 7
1 0 8 6
15 1 5 4
15 3 8 9
1 1 6 6
1 0 9 7
15 1 5 4
15 3 8 9
1 1 7 5
1 0 5 7
15 1 5 4
15 3 8 9
1 1 8 4
1 0 5 7
15 1 5 4
15 3 8 9
1 2 4 6
1 0 8 6
15 1 5 4
15 3 8 9
1 2 5 7
1 0 8 6
15 1 5 4
15 3 8 9
1 2 8 6
3 3 5 7
15 1 5 4
15 3 8 9
1 3 6 7
1 0 8 6
15 1 5 4
15 3 8 9
1 3 7 6
1 3 5 9
15 1 5 4
15 3 8 9
1 3 8 5
1 0 5 7
15 1 5 4
15 3 8 9
4 0 4 7
1 0 8 6
15 1 5 4
15 3 8 9
4 0 6 7
1 0 8 6
15 1 5 4
15 3 8 9
4 0 7 6
4 0 5 8
15 1 5 4
15 3 8 9
4 0 8 5
1 0 5 7
15 2 3 3
15 0 10 10
1 0 6 4
3 2 8 7
15 2 3 3
15 0 10 10
1 0 6 6
8 0 7 8
15 2 3 3
15 0 10 10
1 1 4 6
1 3 9 7
15 2 3 3
15 0 10 10
1 1 5 5
8 2 8 7
15 2 3 3
15 0 10 10
1 1 6 4
8 3 6 8
15 2 3 3
15 0 10 10
1 2 6 6
3 2 8 7
15 2 3 3
15 0 10 10
1 3 5 6
1 1 8 7
15 2 3 3
15 0 10 10
1 3 6 5
1 1 7 8
15 2 3 3
15 0 10 10
4 0 5 6
4 0 8 7
15 2 3 3
15 0 10 10
4 0 6 5
4 0 7 8
15 2 4 3
15 0 9 10
1 0 7 4
1 3 8 7
15 2 4 3
15 0 9 10
1 0 7 6
11 5 6 8
15 2 4 3
15 0 9 10
1 1 5 6
3 1 8 7
15 2 4 3
15 0 9 10
1 1 6 5
1 3 7 8
15 2 4 3
15 0 9 10
1 1 7 4
1 0 9 7
15 2 4 3
15 0 9 10
1 2 4 6
1 1 7 7
15 2 4 3
15 0 9 10
1 2 7 6
11 5 6 8
15 2 4 3
15 0 9 10
1 3 6 6
11 3 7 8
15 2 4 3
15 0 9 10
1 3 7 5
3 1 8 7
15 2 4 3
15 0 9 10
4 0 6 6
3 1 8 7
15 2 4 3
15 0 9 10
4 0 7 5
1 3 7 8
15 2 4 4
15 0 9 9
1 0 7 5
1 0 6 9
15 2 4 4
15 0 9 9
1 1 5 7
1 0 9 6
15 2 4 4
15 0 9 9
1 1 6 6
4 0 6 9
15 2 4 4
15 0 9 9
1 1 7 5
1 0 6 9
15 2 4 4
15 0 9 9
1 2 4 7
3 1 8 6
15 2 4 4
15 0 9 9
1 2 7 4
1 0 6 9
15 2 4 4
15 0 9 9
1 3 6 7
1 0 9 6
15 2 4 4
15 0 9 9
1 3 7 6
4 0 6 9
15 2 4 4
15 0 9 9
4 0 6 7
11 0 9 5
15 2 4 4
15 0 9 9
4 0 7 4
1 0 6 9
15 2 4 4
15 0 9 9
4 0 7 6
1 0 6 9
15 2 4 5
15 0 9 8
1 0 6 4
1 0 6 8
15 2 4 5
15 0 9 8
1 0 7 8
11 3 7 6
15 2 4 5
15 0 9 8
1 1 5 8
1 0 9 5
15 2 4 5
15 0 9 8
1 1 6 7
3 3 9 5
15 2 4 5
15 0 9 8
1 1 7 4
1 0 6 8
15 2 4 5
15 0 9 8
1 1 7 6
3 3 6 8
15 2 4 5
15 0 9 8
1 2 4 8
3 1 8 5
15 2 4 5
15 0 9 8
1 2 7 5
1 0 6 8
15 2 4 5
15 0 9 8
1 2 7 8
1 1 7 5
15 2 4 5
15 0 9 8
1 3 6 8
1 0 9 5
15 2 4 5
15 0 9 8
1 3 7 4
1 0 6 8
15 2 4 5
15 0 9 8
1 3 7 7
3 1 6 9
15 2 4 5
15 0 9 8
4 0 6 8
4 0 7 5
15 2 4 5
15 0 9 8
4 0 7 5
1 0 6 8
15 2 5 4
15 0 8 9
1 0 4 7
1 0 8 6
15 2 5 4
15 0 8 9
1 0 8 5
1 2 5 6
15 2 5 4
15 0 8 9
1 0 8 7
1 1 5 7
15 2 5 4
15 0 8 9
1 1 6 7
1 0 8 6
15 2 5 4
15 0 8 9
1 1 7 6
3 3 5 9
15 2 5 4
15 0 8 9
1 1 8 5
1 0 5 9
15 2 5 4
15 0 8 9
1 2 4 6
1 0 8 6
15 2 5 4
15 0 8 9
1 2 5 7
1 0 8 6
15 2 5 4
15 0 8 9
1 2 8 4
1 0 5 9
15 2 5 4
15 0 8 9
1 3 7 7
3 0 9 6
15 2 5 4
15 0 8 9
1 3 8 6
1 0 5 9
15 2 5 4
15 0 8 9
4 0 4 7
1 0 8 6
15 2 5 4
15 0 8 9
4 0 8 4
1 2 5 8
15 2 5 4
15 0 8 9
4 0 8 6
3 1 5 7
15 3 3 4
15 1 10 9
1 0 4 7
3 1 7 8
15 3 3 4
15 1 10 9
1 0 6 4
8 2 8 7
15 3 3 4
15 1 10 9
1 0 6 6
1 3 7 9
15 3 3 4
15 1 10 9
1 1 4 6
11 5 9 7
15 3 3 4
15 1 10 9
1 1 5 5
8 1 7 8
15 3 3 4
15 1 10 9
1 1 6 4
3 1 7 8
15 3 3 4
15 1 10 9
1 2 4 7
11 6 7 8
15 3 3 4
15 1 10 9
1 2 6 6
3 2 8 7
15 3 3 4
15 1 10 9
1 3 5 6
1 1 8 7
15 3 3 4
15 1 10 9
1 3 6 5
1 1 7 8
15 3 3 4
15 1 10 9
4 0 5 6
4 0 8 7
15 3 3 4
15 1 10 9
4 0 6 5
1 3 7 9
15 3 4 4
15 1 9 9
1 0 5 7
1 0 8 6
15 3 4 4
15 1 9 9
1 0 7 4
11 3 7 8
15 3 4 4
15 1 9 9
1 0 7 6
1 2 6 9
15 3 4 4
15 1 9 9
1 1 5 6
3 1 8 7
15 3 4 4
15 1 9 9
1 1 6 5
1 3 7 8
15 3 4 4
15 1 9 9
1 1 7 4
1 1 9 6
15 3 4 4
15 1 9 9
1 2 5 7
1 0 8 6
15 3 4 4
15 1 9 9
1 2 7 6
1 2 6 9
15 3 4 4
15 1 9 9
1 3 4 7
11 1 9 6
15 3 4 4
15 1 9 9
1 3 6 6
11 3 7 8
15 3 4 4
15 1 9 9
1 3 7 5
1 1 6 8
15 3 4 4
15 1 9 9
4 0 4 7
1 2 8 6
15 3 4 4
15 1 9 9
4 0 6 6
3 1 8 7
15 3 4 4
15 1 9 9
4 0 7 5
8 0 6 8
15 3 4 5
15 1 9 8
1 0 5 8
3 2 9 5
15 3 4 5
15 1 9 8
1 0 6 4
3 0 6 8
15 3 4 5
15 1 9 8
1 0 7 5
1 0 6 9
15 3 4 5
15 1 9 8
1 1 5 7
1 1 9 5
15 3 4 5
15 1 9 8
1 1 6 6
4 0 6 9
15 3 4 5
15 1 9 8
1 1 7 5
1 0 6 9
15 3 4 5
15 1 9 8
1 2 5 8
3 2 9 5
15 3 4 5
15 1 9 8
1 2 7 4
3 0 6 8
15 3 4 5
15 1 9 8
1 3 4 8
1 0 8 5
15 3 4 5
15 1 9 8
1 3 6 7
1 1 9 5
15 3 4 5
15 1 9 8
1 3 7 6
1 0 6 9
15 3 4 5
15 1 9 8
4 0 4 8
1 0 8 5
15 3 4 5
15 1 9 8
4 0 6 7
11 7 6 9
15 3 4 5
15 1 9 8
4 0 7 4
1 2 6 8
15 3 4 5
15 1 9 8
4 0 7 6
1 0 6 9
15 3 5 3
15 1 8 10
1 0 6 6
3 1 7 8
15 3 5 3
15 1 8 10
1 0 8 5
1 0 7 7
15 3 5 3
15 1 8 10
1 1 4 6
4 0 6 8
15 3 5 3
15 1 8 10
1 1 6 5
3 1 7 8
15 3 5 3
15 1 8 10
1 1 7 4
11 0 5 7
15 3 5 3
15 1 8 10
1 2 4 6
1 3 9 7
15 3 5 3
15 1 8 10
1 2 6 6
1 3 9 7
15 3 5 3
15 1 8 10
1 2 8 5
1 0 7 7
15 3 5 3
15 1 8 10
1 3 5 6
1 1 8 7
15 3 5 3
15 1 8 10
1 3 7 5
3 2 8 7
15 3 5 3
15 1 8 10
1 3 8 4
3 3 9 7
15 3 5 3
15 1 8 10
4 0 5 6
1 3 9 7
15 3 5 3
15 1 8 10
4 0 7 5
11 1 6 8
15 3 5 3
15 1 8 10
4 0 8 4
4 0 8 7
15 3 5 4
15 1 8 9
1 0 6 7
1 0 7 6
15 3 5 4
15 1 8 9
1 0 8 4
1 0 5 7
15 3 5 4
15 1 8 9
1 0 8 6
1 0 5 7
15 3 5 4
15 1 8 9
1 1 4 7
1 0 7 6
15 3 5 4
15 1 8 9
1 1 6 6
1 1 8 6
15 3 5 4
15 1 8 9
1 1 7 5
1 0 5 7
15 3 5 4
15 1 8 9
1 1 8 4
1 0 5 7
15 3 5 4
15 1 8 9
1 2 4 7
1 0 5 7
15 3 5 4
15 1 8 9
1 2 6 7
1 0 7 6
15 3 5 4
15 1 8 9
1 2 8 6
1 0 5 7
15 3 5 4
15 1 8 9
1 3 5 7
1 0 7 6
15 3 5 4
15 1 8 9
1 3 7 6
1 1 8 6
15 3 5 4
15 1 8 9
1 3 8 5
1 0 5 7
15 3 5 4
15 1 8 9
4 0 5 7
1 0 7 6
15 3 5 4
15 1 8 9
4 0 7 6
1 0 5 7
15 3 5 4
15 1 8 9
4 0 8 5
0 0 0 0
15 4 3 5
15 6 10 8
1 0 5 8
1 0 7 7
15 4 3 5
15 6 10 8
1 0 6 4
1 3 7 9
15 4 3 5
15 6 10 8
1 0 6 6
1 3 7 9
15 4 3 5
15 6 10 8
1 1 4 7
11 7 7 5
15 4 3 5
15 6 10 8
1 1 5 6
3 2 8 7
15 4 3 5
15 6 10 8
1 1 6 4
4 0 7 8
15 4 3 5
15 6 10 8
1 2 5 8
1 0 7 7
15 4 3 5
15 6 10 8
1 2 6 6
3 2 8 7
15 4 3 5
15 6 10 8
1 3 4 8
3 0 7 9
15 4 3 5
15 6 10 8
1 3 5 7
3 1 7 8
15 4 3 5
15 6 10 8
1 3 6 5
1 1 7 8
15 4 3 5
15 6 10 8
4 0 4 8
4 0 7 8
15 4 3 5
15 6 10 8
4 0 5 7
11 6 8 6
15 4 3 5
15 6 10 8
4 0 6 5
1 3 7 9
15 4 4 3
15 6 9 10
1 0 6 6
3 1 7 8
15 4 4 3
15 6 9 10
1 0 7 4
11 1 8 7
15 4 4 3
15 6 9 10
1 1 4 6
3 2 8 7
15 4 4 3
15 6 9 10
1 1 5 5
8 2 8 7
15 4 4 3
15 6 9 10
1 1 6 4
11 2 7 9
15 4 4 3
15 6 9 10
1 2 4 6
8 1 7 8
15 4 4 3
15 6 9 10
1 2 6 6
1 3 9 7
15 4 4 3
15 6 9 10
1 2 7 4
3 2 8 7
15 4 4 3
15 6 9 10
1 3 5 6
1 1 8 7
15 4 4 3
15 6 9 10
1 3 6 5
1 1 7 8
15 4 4 3
15 6 9 10
4 0 5 6
1 3 9 7
15 4 4 3
15 6 9 10
4 0 6 5
4 0 7 8
15 4 4 4
15 6 9 9
1 0 6 7
1 0 9 6
15 4 4 4
15 6 9 9
1 0 7 5
1 0 6 8
15 4 4 4
15 6 9 9
1 1 4 7
1 1 6 9
15 4 4 4
15 6 9 9
1 1 5 6
1 3 8 7
15 4 4 4
15 6 9 9
1 1 6 5
3 2 7 8
15 4 4 4
15 6 9 9
1 2 4 7
11 4 8 7
15 4 4 4
15 6 9 9
1 2 6 7
1 0 9 6
15 4 4 4
15 6 9 9
1 2 7 5
1 0 6 8
15 4 4 4
15 6 9 9
1 3 5 7
1 1 8 6
15 4 4 4
15 6 9 9
1 3 6 6
11 4 8 7
15 4 4 4
15 6 9 9
1 3 7 4
11 6 6 9
15 4 4 4
15 6 9 9
4 0 5 7
8 3 8 6
15 4 4 4
15 6 9 9
4 0 6 6
3 2 7 8
15 4 4 4
15 6 9 9
4 0 7 4
1 0 6 8
15 4 4 5
15 6 9 8
1 0 6 8
1 0 7 5
15 4 4 5
15 6 9 8
1 0 7 4
1 0 6 7
15 4 4 5
15 6 9 8
1 0 7 6
1 1 6 8
15 4 4 5
15 6 9 8
1 1 4 8
1 0 7 5
15 4 4 5
15 6 9 8
1 1 5 7
1 0 7 5
15 4 4 5
15 6 9 8
1 1 6 6
1 1 6 8
15 4 4 5
15 6 9 8
1 1 7 4
1 1 6 8
15 4 4 5
15 6 9 8
1 2 4 8
1 0 7 5
15 4 4 5
15 6 9 8
1 2 6 8
1 0 7 5
15 4 4 5
15 6 9 8
1 2 7 6
1 2 6 7
15 4 4 5
15 6 9 8
1 3 5 8
1 0 7 5
15 4 4 5
15 6 9 8
1 3 6 7
1 1 6 8
15 4 4 5
15 6 9 8
1 3 7 5
1 1 6 8
15 4 4 5
15 6 9 8
4 0 5 8
0 0 0 0
15 4 4 5
15 6 9 8
4 0 6 7
1 0 7 5
15 4 4 5
15 6 9 8
4 0 7 5
1 1 6 8
15 4 5 4
15 6 8 9
1 0 4 7
3 3 8 6
15 4 5 4
15 6 8 9
1 0 8 5
3 1 5 9
15 4 5 4
15 6 8 9
1 1 5 7
1 0 8 6
15 4 5 4
15 6 8 9
1 1 6 6
4 0 9 6
15 4 5 4
15 6 8 9
1 1 7 5
1 1 5 9
15 4 5 4
15 6 8 9
1 2 4 6
3 3 8 6
15 4 5 4
15 6 8 9
1 2 5 7
1 0 8 6
15 4 5 4
15 6 8 9
1 2 8 5
3 1 5 9
15 4 5 4
15 6 8 9
1 3 6 7
1 0 8 6
15 4 5 4
15 6 8 9
1 3 7 6
1 1 5 9
15 4 5 4
15 6 8 9
1 3 8 4
1 2 5 8
15 4 5 4
15 6 8 9
4 0 4 7
1 0 8 6
15 4 5 4
15 6 8 9
4 0 6 7
1 0 8 6
15 4 5 4
15 6 8 9
4 0 7 6
11 0 9 6
15 4 5 4
15 6 8 9
4 0 8 4
1 2 5 8
15 5 3 3
15 7 10 10
1 0 6 6
3 1 7 8
15 5 3 3
15 7 10 10
1 1 4 6
8 0 8 6
15 5 3 3
15 7 10 10
1 1 5 5
8 1 7 8
15 5 3 3
15 7 10 10
1 1 6 4
1 3 7 9
15 5 3 3
15 7 10 10
1 2 4 6
3 1 7 8
15 5 3 3
15 7 10 10
1 2 6 6
8 3 8 7
15 5 3 3
15 7 10 10
1 3 5 6
1 1 8 7
15 5 3 3
15 7 10 10
1 3 6 5
1 1 7 8
15 5 3 3
15 7 10 10
4 0 5 6
4 0 8 7
15 5 3 3
15 7 10 10
4 0 6 5
4 0 7 8
15 5 3 4
15 7 10 9
1 0 6 4
1 1 7 7
15 5 3 4
15 7 10 9
1 0 6 7
11 0 7 5
15 5 3 4
15 7 10 9
1 1 4 7
1 2 7 9
15 5 3 4
15 7 10 9
1 1 5 6
1 3 8 7
15 5 3 4
15 7 10 9
1 1 6 5
3 2 7 8
15 5 3 4
15 7 10 9
1 2 4 7
1 3 7 8
15 5 3 4
15 7 10 9
1 2 6 7
11 0 7 5
15 5 3 4
15 7 10 9
1 3 5 7
3 2 7 8
15 5 3 4
15 7 10 9
1 3 6 6
11 4 8 7
15 5 3 4
15 7 10 9
4 0 5 7
1 3 8 7
15 5 3 4
15 7 10 9
4 0 6 6
3 2 7 8
15 5 4 4
15 7 9 9
1 0 4 7
1 0 8 6
15 5 4 4
15 7 9 9
1 0 7 4
3 2 6 8
15 5 4 4
15 7 9 9
1 1 5 7
1 0 8 6
15 5 4 4
15 7 9 9
1 1 6 6
4 0 9 6
15 5 4 4
15 7 9 9
1 1 7 5
1 2 6 9
15 5 4 4
15 7 9 9
1 2 5 7
1 0 8 6
15 5 4 4
15 7 9 9
1 3 6 7
4 0 9 6
15 5 4 4
15 7 9 9
1 3 7 6
1 2 6 9
15 5 4 4
15 7 9 9
4 0 4 7
1 0 8 6
15 5 4 4
15 7 9 9
4 0 6 7
1 0 8 6
15 5 4 4
15 7 9 9
4 0 7 6
11 7 5 9
15 5 4 5
15 7 9 8
1 0 4 8
1 1 6 6
15 5 4 5
15 7 9 8
1 0 6 4
1 0 6 9
15 5 4 5
15 7 9 8
1 0 7 5
1 0 6 9
15 5 4 5
15 7 9 8
1 1 5 8
1 0 6 5
15 5 4 5
15 7 9 8
1 1 6 7
3 0 9 5
15 5 4 5
15 7 9 8
1 1 7 6
1 0 6 9
15 5 4 5
15 7 9 8
1 2 5 8
1 0 6 5
15 5 4 5
15 7 9 8
1 2 7 4
1 0 6 9
15 5 4 5
15 7 9 8
1 2 7 8
1 1 7 5
15 5 4 5
15 7 9 8
1 3 6 8
1 2 9 5
15 5 4 5
15 7 9 8
1 3 7 7
3 3 6 9
15 5 4 5
15 7 9 8
4 0 4 8
1 0 8 5
15 5 4 5
15 7 9 8
4 0 6 8
3 2 7 5
15 5 4 5
15 7 9 8
4 0 7 4
1 0 6 9
15 5 5 4
15 7 8 9
1 0 5 7
1 0 9 7
15 5 5 4
15 7 8 9
1 0 8 4
3 2 5 8
15 5 5 4
15 7 8 9
1 0 8 7
1 1 5 7
15 5 5 4
15 7 8 9
1 1 4 7
1 0 9 7
15 5 5 4
15 7 8 9
1 1 6 7
3 0 8 6
15 5 5 4
15 7 8 9
1 1 7 6
3 0 5 9
15 5 5 4
15 7 8 9
1 1 8 5
1 1 5 7
15 5 5 4
15 7 8 9
1 2 4 6
1 0 9 7
15 5 5 4
15 7 8 9
1 2 8 7
11 4 6 7
15 5 5 4
15 7 8 9
1 3 4 7
1 1 9 6
15 5 5 4
15 7 8 9
1 3 7 7
3 2 9 6
15 5 5 4
15 7 8 9
1 3 8 6
1 1 9 6
15 5 5 4
15 7 8 9
4 0 5 7
1 0 9 7
15 5 5 4
15 7 8 9
4 0 8 6
4 0 5 7
15 6 3 4
15 4 10 9
1 0 5 7
1 3 9 7
15 6 3 4
15 4 10 9
1 0 6 4
1 1 8 7
15 6 3 4
15 4 10 9
1 0 6 6
1 1 8 7
15 6 3 4
15 4 10 9
1 1 4 6
4 0 8 7
15 6 3 4
15 4 10 9
1 1 5 5
8 1 7 8
15 6 3 4
15 4 10 9
1 1 6 4
8 1 8 7
15 6 3 4
15 4 10 9
1 2 5 7
4 0 8 7
15 6 3 4
15 4 10 9
1 2 6 6
3 2 8 7
15 6 3 4
15 4 10 9
1 3 4 7
11 1 8 7
15 6 3 4
15 4 10 9
1 3 5 6
1 1 8 7
15 6 3 4
15 4 10 9
1 3 6 5
1 1 7 8
15 6 3 4
15 4 10 9
4 0 4 7
3 1 7 8
15 6 3 4
15 4 10 9
4 0 5 6
4 0 8 7
15 6 3 4
15 4 10 9
4 0 6 5
1 3 7 9
15 6 4 3
15 4 9 10
1 0 6 6
3 1 7 8
15 6 4 3
15 4 9 10
1 0 7 5
4 0 7 8
15 6 4 3
15 4 9 10
1 1 4 6
8 1 6 9
15 6 4 3
15 4 9 10
1 1 5 5
8 2 8 7
15 6 4 3
15 4 9 10
1 1 6 4
4 0 7 8
15 6 4 3
15 4 9 10
1 2 6 6
1 1 7 8
15 6 4 3
15 4 9 10
1 2 7 5
1 1 7 8
15 6 4 3
15 4 9 10
1 3 5 6
1 1 8 7
15 6 4 3
15 4 9 10
1 3 6 5
1 1 7 8
15 6 4 3
15 4 9 10
1 3 7 4
11 6 7 8
15 6 4 3
15 4 9 10
4 0 5 6
4 0 8 7
15 6 4 3
15 4 9 10
4 0 6 5
4 0 7 8
15 6 4 3
15 4 9 10
4 0 7 4
3 2 8 7
15 6 4 4
15 4 9 9
1 0 6 7
1 0 7 6
15 6 4 4
15 4 9 9
1 0 7 4
1 0 6 7
15 6 4 4
15 4 9 9
1 0 7 6
1 0 6 7
15 6 4 4
15 4 9 9
1 1 4 7
1 0 7 6
15 6 4 4
15 4 9 9
1 1 5 6
1 3 8 7
15 6 4 4
15 4 9 9
1 1 6 5
1 3 7 8
15 6 4 4
15 4 9 9
1 1 7 4
1 0 6 7
15 6 4 4
15 4 9 9
1 2 6 7
1 0 7 6
15 6 4 4
15 4 9 9
1 2 7 6
1 2 6 7
15 6 4 4
15 4 9 9
1 3 5 7
1 0 7 6
15 6 4 4
15 4 9 9
1 3 6 6
1 1 7 7
15 6 4 4
15 4 9 9
1 3 7 5
1 1 6 8
15 6 4 4
15 4 9 9
4 0 5 7
1 3 9 6
15 6 4 4
15 4 9 9
4 0 6 6
1 1 7 7
15 6 4 4
15 4 9 9
4 0 7 5
1 0 6 7
15 6 4 5
15 4 9 8
1 0 6 4
1 0 6 9
15 6 4 5
15 4 9 8
1 0 6 8
3 0 7 5
15 6 4 5
15 4 9 8
1 0 7 5
1 0 6 9
15 6 4 5
15 4 9 8
1 1 4 8
1 1 8 5
15 6 4 5
15 4 9 8
1 1 5 7
1 1 8 5
15 6 4 5
15 4 9 8
1 1 6 6
1 0 6 9
15 6 4 5
15 4 9 8
1 1 7 5
1 0 6 9
15 6 4 5
15 4 9 8
1 2 6 8
1 0 7 5
15 6 4 5
15 4 9 8
1 2 7 4
1 0 6 9
15 6 4 5
15 4 9 8
1 3 5 8
1 1 8 5
15 6 4 5
15 4 9 8
1 3 6 7
1 3 9 5
15 6 4 5
15 4 9 8
1 3 7 6
1 0 6 9
15 6 4 5
15 4 9 8
4 0 5 8
1 1 8 5
15 6 4 5
15 4 9 8
4 0 6 7
4 0 8 5
15 6 4 5
15 4 9 8
4 0 7 4
1 0 6 9
15 6 4 5
15 4 9 8
4 0 7 6
1 0 6 9
15 6 5 3
15 4 8 10
1 0 7 6
11 5 6 8
15 6 5 3
15 4 8 10
1 0 8 5
1 3 7 8
15 6 5 3
15 4 8 10
1 1 5 6
3 1 8 7
15 6 5 3
15 4 8 10
1 1 6 5
1 3 7 8
15 6 5 3
15 4 8 10
1 1 7 4
1 2 5 8
15 6 5 3
15 4 8 10
1 2 4 6
8 3 7 7
15 6 5 3
15 4 8 10
1 2 7 6
1 2 5 8
15 6 5 3
15 4 8 10
1 2 8 5
1 0 6 7
15 6 5 3
15 4 8 10
1 3 6 6
11 3 7 8
15 6 5 3
15 4 8 10
1 3 7 5
3 1 8 7
15 6 5 3
15 4 8 10
1 3 8 4
1 0 5 8
15 6 5 3
15 4 8 10
4 0 6 6
3 3 9 7
15 6 5 3
15 4 8 10
4 0 7 5
11 1 6 8
15 6 5 3
15 4 8 10
4 0 8 4
11 1 6 8
15 7 3 4
15 5 10 9
1 0 5 7
8 3 7 7
15 7 3 4
15 5 10 9
1 0 6 4
1 1 8 7
15 7 3 4
15 5 10 9
1 0 6 6
1 1 8 7
15 7 3 4
15 5 10 9
1 1 4 6
4 0 8 7
15 7 3 4
15 5 10 9
1 1 5 5
8 1 7 8
15 7 3 4
15 5 10 9
1 1 6 4
8 1 8 7
15 7 3 4
15 5 10 9
1 2 5 7
8 3 7 7
15 7 3 4
15 5 10 9
1 2 6 6
3 2 8 7
15 7 3 4
15 5 10 9
1 3 4 7
11 1 8 7
15 7 3 4
15 5 10 9
1 3 5 6
4 0 8 7
15 7 3 4
15 5 10 9
1 3 6 5
1 1 7 8
15 7 3 4
15 5 10 9
4 0 4 7
3 1 7 8
15 7 3 4
15 5 10 9
4 0 5 6
4 0 8 7
15 7 3 4
15 5 10 9
4 0 6 5
1 3 7 9
15 7 4 3
15 5 9 10
1 0 6 6
3 1 7 8
15 7 4 3
15 5 9 10
1 0 7 5
4 0 7 8
15 7 4 3
15 5 9 10
1 1 4 6
8 1 6 9
15 7 4 3
15 5 9 10
1 1 5 5
8 2 8 7
15 7 4 3
15 5 9 10
1 1 6 4
4 0 7 8
15 7 4 3
15 5 9 10
1 2 4 6
1 1 7 8
15 7 4 3
15 5 9 10
1 2 6 6
1 1 7 8
15 7 4 3
15 5 9 10
1 2 7 5
8 0 7 7
15 7 4 3
15 5 9 10
1 3 5 6
1 1 8 7
15 7 4 3
15 5 9 10
1 3 6 5
1 1 7 8
15 7 4 3
15 5 9 10
1 3 7 4
11 6 7 8
15 7 4 3
15 5 9 10
4 0 5 6
1 3 9 7
15 7 4 3
15 5 9 10
4 0 6 5
4 0 7 8
15 7 4 3
15 5 9 10
4 0 7 4
3 2 8 7
15 7 4 4
15 5 9 9
1 0 6 7
1 0 7 6
15 7 4 4
15 5 9 9
1 0 7 4
1 2 6 7
15 7 4 4
15 5 9 9
1 0 7 6
1 2 6 7
15 7 4 4
15 5 9 9
1 1 4 7
1 0 7 6
15 7 4 4
15 5 9 9
1 1 5 6
1 3 8 7
15 7 4 4
15 5 9 9
1 1 6 5
1 3 7 8
15 7 4 4
15 5 9 9
1 1 7 4
1 1 8 6
15 7 4 4
15 5 9 9
1 2 4 7
1 0 7 6
15 7 4 4
15 5 9 9
1 2 6 7
1 0 7 6
15 7 4 4
15 5 9 9
1 2 7 6
1 0 9 6
15 7 4 4
15 5 9 9
1 3 5 7
1 0 7 6
15 7 4 4
15 5 9 9
1 3 6 6
1 1 7 7
15 7 4 4
15 5 9 9
1 3 7 5
1 2 6 7
15 7 4 4
15 5 9 9
4 0 5 7
1 3 9 6
15 7 4 4
15 5 9 9
4 0 6 6
1 1 7 7
15 7 4 4
15 5 9 9
4 0 7 5
1 3 6 9
15 7 5 4
15 5 8 9
1 0 4 7
1 0 8 6
15 7 5 4
15 5 8 9
1 0 8 4
1 1 7 6
15 7 5 4
15 5 8 9
1 0 8 6
1 0 5 7
15 7 5 4
15 5 8 9
1 1 5 7
1 0 8 6
15 7 5 4
15 5 8 9
1 1 6 6
1 0 9 7
15 7 5 4
15 5 8 9
1 1 7 5
1 0 5 7
15 7 5 4
15 5 8 9
1 1 8 4
1 0 5 7
15 7 5 4
15 5 8 9
1 2 4 6
1 0 8 6
15 7 5 4
15 5 8 9
1 2 5 7
1 0 8 6
15 7 5 4
15 5 8 9
1 2 8 6
1 2 5 7
15 7 5 4
15 5 8 9
1 3 6 7
1 0 8 6
15 7 5 4
15 5 8 9
1 3 7 6
4 0 5 8
15 7 5 4
15 5 8 9
1 3 8 5
1 0 5 7
15 7 5 4
15 5 8 9
4 0 4 7
1 0 8 6
15 7 5 4
15 5 8 9
4 0 6 7
1 0 8 6
15 7 5 4
15 5 8 9
4 0 7 6
8 3 9 6
15 7 5 4
15 5 8 9
4 0 8 5
1 0 5 7
15 7 5 5
15 5 8 8
1 0 4 8
1 0 8 5
15 7 5 5
15 5 8 8
1 0 7 4
1 2 6 9
15 7 5 5
15 5 8 8
1 0 8 5
1 0 5 9
15 7 5 5
15 5 8 8
1 1 5 8
1 1 7 5
15 7 5 5
15 5 8 8
1 1 6 7
4 0 9 5
15 7 5 5
15 5 8 8
1 1 7 6
1 2 6 9
15 7 5 5
15 5 8 8
1 1 8 5
1 0 5 9
15 7 5 5
15 5 8 8
1 2 4 7
1 0 9 6
15 7 5 5
15 5 8 8
1 2 5 8
1 0 8 5
15 7 5 5
15 5 8 8
1 2 8 4
1 0 5 9
15 7 5 5
15 5 8 8
1 3 6 8
1 1 7 5
15 7 5 5
15 5 8 8
1 3 7 7
11 7 6 9
15 7 5 5
15 5 8 8
1 3 8 6
1 0 5 9
15 7 5 5
15 5 8 8
4 0 4 8
1 0 9 6
15 7 5 5
15 5 8 8
4 0 8 4
1 2 6 9
