1
7 5
4
0 0   0 -1  -1  -1   1 0    1  1
0 0   1  0   1  -1   0 1   -1  1
0 0  -1  0  -1  -1   0 1    1  1 
0 0   0  -1  1  -1  -1 0   -1  1

2
4 5 
4
0 0 -1 0 -2 0 0  1 0  2
0 0 -1 0 -2 0 0 -1 0 -2
0 0  1 0  2 0 0 -1 0 -2
0 0  1 0  2 0 0  1 0  2

3
6 5
4
0 0 0 -1 -1 -1   0  1  1  1
0 0 1  0 -1  0  -1  1  1 -1
0 0 0 -1  0  1   1 -1 -1  1
0 0 1  0 -1  0  -1 -1  1  1

4
8 5
1
0 0 1 0 -1 0 0 -1 0 1

5
6 5
4
0 0  0  -1  0 1 -1 -1 -1  1
0 0 -1   0  1 0 -1 -1  1 -1
0 0  0  -1  0 1  1 -1  1  1
0 0  1   0 -1 0  1  1 -1  1

6
4 5
2
0 0 0 -1  0  -2  0 1  0 2
0 0 1  0  2   0 -1 0 -2 0

7
5 5
8
0 0  0  1  0 -1  1  0  1 -1
0 0 -1  0  1  0  0  1  1  1
0 0  0 -1  0  1 -1  0 -1  1
0 0 -1  0  1  0  0 -1 -1 -1
0 0  1  0 -1  0  0  1 -1  1
0 0  0  1  0 -1 -1  0 -1 -1
0 0 -1  0  1  0  0 -1  1 -1
0 0  0 -1  0  1  1  0  1  1

8
6 5
4
0 0 -1 0  1 0 0  1 0  2
0 0 -1 0  1 0 0 -1 0 -2
0 0 -1 0 -2 0 0 -1 0  1
0 0  1 0  2 0 0 -1 0  1

9
6 5
8
0 0 -1  0  0 -1   0  1  0  2
0 0  0 -1  1  0  -1  0 -2  0
0 0  1  0  0 -1   0 -2  0  1
0 0  1  0 -1  0  -2  0  0  1
0 0 -1  0  0 -1   0 -2  0  1
0 0  0 -1 -1  0   1  0  2  0
0 0  1  0  0 -1   0  1  0  2
0 0 -1  0  1  0   2  0  0  1

10
4 5
8
0 0  1  0  1  1  1 2   1  3
0 0  0  1 -1  1 -2 1  -3  1
0 0 -1  0 -1 -1 -1 -2 -1 -3
0 0  0 -1  1 -1  2 -1  3 -1
0 0 -1  0 -1  1 -1  2 -1  3
0 0  0 -1 -1 -1 -2 -1 -3 -1
0 0  1  0  1 -1  1 -2  1 -3
0 0  0  1  1  1  2  1  3  1

11
6 5
8
0 0  0  -1  1   0  1  1   1   2
0 0  1   0  0   1 -1  1  -2   1
0 0  0   1 -1   0 -1 -1  -1  -2
0 0 -1   0  0  -1  1 -1   2  -1
0 0  0  -1 -1   0 -1  1  -1   2
0 0  1   0  0  -1 -1 -1  -2  -1
0 0  0   1  1   0  1 -1   1  -2
0 0  -1  0  0   1  1  1   2   1

12
5 4
4
0 0  0 -1  1 0  1 1 0 0
0 0 -1  0  0 1  1 1 0 0 
0 0  1  0  0 1 -1 1 0 0
0 0  0 -1 -1 0 -1 1 0 0


13
4 4
2
0 0  0 -1 0 1 0 2 0 0
0 0 -1  0 1 0 2 0 0 0 


14
4 4
1
0 0 1 0 0 1 1 1 0 0 

15
7 5
8
0 0  0 -1 -1 -1  1  0  0 1
0 0  1  0 -1  0  1 -1  0 1
0 0  0 -1  0  1 -1  0  1 1
0 0 -1  0  1  0  0 -1 -1 1
0 0  0 -1  1 -1 -1  0  0 1
0 0 -1  0  1  0  0 -1  1 1
0 0  0  -1 0  1  1  0  -1 1
0 0  1  0  -1 0 -1  -1  0 1

16
6 4
4
0 0  0 -1 0 1 1  0 0 0
0 0  0 -1 0 1 -1 0 0 0
0 0 -1  0 1 0 0  1 0 0
0 0 -1  0 1 0 0 -1 0 0



17
5 4
8

0 0  0 -1  0 1 -1   1  0 0
0 0 -1  0  1 0  1   1  0 0
0 0  0  1 -1 0 -1  -1  0 0
0 0  0 -1  0 1  1  -1  0 0
0 0  1  0 -1 0 -1   1  0 0
0 0  0 -1  0 1 -1  -1  0 0
0 0  1  0 -1 0  1  -1  0 0
0 0  0 -1  0 1  1   1  0 0

18
4 3
2
0 0  0 -1 0 1 0 0 0 0
0 0 -1  0 1 0 0 0 0 0


19 
4 2
2
0 0 0 1 0 0 0 0 0 0
0 0 1 0 0 0 0 0 0 0


20
4 3
4
0 0  1 0 0  1 0 0 0 0
0 0 -1 0 0  1 0 0 0 0
0 0 -1 0 0 -1 0 0 0 0
0 0  1 0 0 -1 0 0 0 0


21
4 1
1
0 0 0 0 0 0 0 0 0 0